99887777777777777777777777778899998877776666666889977777777777799887777666666668899777777777777777889966666666777777776666666777777779988777777777777777777778899777788988998899777788997777998888997777999966666669988999999887777998899889988889966666667777777799887777666666669988889966666666998777788999988666666666666666677777777998898866666666889977778899777777779999777777777779988777788997777777777777777889977776666666666666669999998866666666666666669988777777777776666666677779988777777777777777
77777777998888999988889977779988777799886666666889977778899777788997777666666667777777777788997777777766666666777788996666666777788997777998888997777889999889988777799877779988777788997777777777777777998866666667777777788997777777777777777777766666667777889977777777666666668899777766666666777777777779988666666666666666699887777777789966666666777777778899777777779988889977777779988777799887777998899887777889977776666666666666667777777766666666666666667777777777788996666666688997777998888999988777
66666666666666666666666677779988666666667778899777788999988777788997777777799887777777666666667777998866666666777799889999777777799998899777766666666889999887777777799877779988777777777777666666666666666677778998899998877777777666666667777777766666669988777799887777666666667777777777778899777777777778899889977777777777777777777666666677779988666666667777998877779988666666666666666889977777777777788998899777777777777777889977779999889999889988777777777777899889977778899777777779999777799889999777
66666666666666666666666699889988666666667777777777777777777999977777777777799887777988666666669988777766666666777777778899777998899887777777766666666998899889988998899977777777889977778899666666666666666677778998899777788999988666666667777999966666667777777799888899666666668899777777777777777998877777777777788998899777799889999666666677777777666666668899999988997777666666666666666777788997777998877777777777799887779988777777777777889977777777889977778899777998877777777777777777777777799887777777
66666666777788996666666688998899998899889988899777788997777998866666666998877779988777666666668899777788997777889977776666666666666667777998866666666777799886666666666666667777889977778899666666666666666666666669999889977778899666666666666666666666668899777799887777666666669988998899889988999777766666666666666666666666677779988889989999887777889977776666666666666666998888999887777666666666666666666666666999988996666666666666666666666677779988777799999988777666666666666666688998899999977776666666
88997777666666669988777788997777998877777777777777788997777777777779988998877777777777777788997777777799887777777788997777777666666666666666677779988889977777777889966666668899777777777777777777777777777766666669988777766666666998899889988777777779987777998877777777998877776666666677779988777999977777777777777778899777777778899666666666666666777777776666666699998899777799877778899666666668899777777777777998877776666666777799886666666677777777998877777777899777799886666666699887777666666667777889
77777777666666667777998877777777777799889988899999988997777889977777777777777777777899889977777777999988997777777777777777889666666666666666699887777777777777777889966666667777889999997777777799998899889966666667777777766666666777777778899777777777777777777777778899998899996666666677777777777777788997777889977777777777799887777666666666666666998899996666666677778899777777799997777666666668899777799887777998877776666666777799996666666677779988998877778899777777777776666666677777777666666667777777
88999988889977778899777799999988777799886666666666666666666666666666666998877779999777777788996666666699887777666666666666666777788998899777777779988889977777777889977799886666666666666666666666666666666699887776666666666666666666666669988777766666669988998899887777666666668899777799887777666666677778899998877777777889966666666666666699887777666666669999777766666666666666699889988666666668899999977778899666666668897777777788996666666677779988666666667777999777799889988998877779988666666667777998
77777777998877777777777777777777777777776666666998877777777777788997777777799886666666889977777777889966666666666666667777777998888997777777777777777777777777777777777777777777777788998899998877777777777777777779988998866666666777788996666666677777777777889988999999889977776666666677777777666666688997777666666668899777777779988777777766666666889999887777777777777777777799866666666777799886666666677779988998877777777777777788997777889977778899666666667777899777777777777999999887777777799886666666
99887777777777777777889977779988777799886666666777777777777999977777777998877776666666777799999988889966666666666666668899777777777779988777777779999777799887777998877788998899777777778899998877777777998877779889988999966666666777777776666666699887777777998877777777998877776666666688998899666666677777777666666667777777777777777999977766666666889988998899777777778899999977766666666998888996666666688999988777799887778899777799887777998877778899666666667777777777788997777777777777777777777776666666
66666666777799886666666677779999777788999987777666666666666666666666666666666666666666666666668899777788999988666666666666666666666668899777777779988889977776666666677799889988889966666666666666666666666699888996666666666666666889977779988998888997776666666688997777998877776666666666666666666666666666666666666669988998866666666889977766666666777799887777889988997777998877777778899666666666666666666666666666666667778899666666666666666677779988666666666666666889977779999998866666666777788998899777
88998899666666666666666677777777777777777777777889999887777777799997777777788999999777777777778899777788997777889977776666666998877777777998877779988777788998899777777777777777777777777777777788999988777799888997777889999887777777777777777777799889987777998899887777889988999988998866666666777998888997777777777776666666677778899777777777778899777777776666666677777777998877799888899889977779988777777777777666666669987777998877776666666699889988666666668899777666666666666666677778899777788997777889
77779988666666666666666677779988889999889987777777788997777998888997777998877777777777998888997777777777777777777788996666666777799997777777799887777777777777777777799877779999777799889988777777777777777777778997777777777779988999977779988777777777777777777788997777777777777777777766666666998998877777777889999886666666699887777777798877778899889977776666666677779988998899877779988889977778899777799889988666666667779988889977776666666688999988666666667777777666666666666666699889999889977777777777
77779988777788997777999977777777998877777779988777777777777777766666666998888996666666889977779988998877778899666666667777777666666668899777788997777889977777777889977799889999777766666666777788997777777777777779988998877778899777777776666666666666666666666677777777666666667777777777779988999777788997777998877777777998877777777777789988997777777799889988998899889988777799899889988777777777777777777777777889977776666666998877777777998877777777998877778899777777788996666666699887777777777777777777
77777777777777777777777799889988777777777777777999977777777889966666666777788996666666889977778899889999887777666666668899777666666668899998899888899777777777777777777799888899889966666666777777777777998899887779988777799887777777799886666666666666666666666677778899666666667777889988999988998889977779988889977777777777799888899998877799998899777777777777777777777777889988988998899889999887777998877779988777788996666666998877777777777777778899777777777777777777777776666666688998899777799887777999
66666666666666666666666666666666666666666666666998899888899777788999988998877776666666666666667777889977779988889977776666666666666667777889966666666777799886666666666666666666666699889988777788998899889966666667777889999887777666666667777889977779986666666666666666666666667777998899887777777889999887777777799886666666666666666998877777778899666666666666666666666666777799877778899777799996666666666666666777799887779999666666667777889999887777777799889988899666666669988777766666666666666666666666
77778899777788997777777777777777777799997779988666666667777777777777777777788997777899666666668899998877779988777788997777777998888996666666677777777889977778899777799888995555555555555555666666667777777799888998899777766666666889988998899777766666667777998877777777777799888899777766666666666666677777777666666667777777766666666889977766666666777777777777998899887777998877777777777777777777777889999999999998899886666666777799999988998866666666777777777777899998899888899777766666666666666669988889
77777777777799887777889988999988777777779987777666666667777998899887777777777777777777666666669988998888997777777777777777889777788996666666677779988889999997777777777788995555555555555555666666668899889977777777777777766666666777777777777777766666668899777799997777889977777777777766666666666666699887777666666669999889966666666889977766666666998877777777998877777777777777777778899889977778899777777779988889977776666666998899889988777766666666998877779988988998877777777777766666666666666668899777
77779988666666666666666666666666998877776666666889988998899889966666666666666668899777889999886666666666666666998877776666666666666666666666688997777666666668899889966666665555555555555555777799998899777799887779988777766666666998877776666666699887777777889977778899666666666666666677779988666666677779988666666666666666666666666666666699887777666666669988777788997777777799877779988889999887777889966666666998899887778899666666666666666666666666666666666666666889977777777998866666666777788997777998
99887777889977777777777799887777998877777778899777777778899777777778899777777777777777777799888899998877778899889988996666666666666669999777799888899777777777777777777777776666666666666666666666669988998888998998899777799889988777777778899777766666668899889977778899889977778899777799997777998889999887777777777777777998877778899777777777777777998877776666666677777777777777777777777666666669999998877779988998877776666666999977778899998877779988777788999988777777799887777777788999988777777777777777
77777777998899888899998899887777777777777777777777799887777777788997777889988999988988777788999988777777779999777777776666666666666667777777777779988889999997777889999877776666666666666666666666667777889977777777777998877777777999977778899777766666668899777799889988777777777777777799997777777889977777777999999997777777777777777998898877779988777777776666666677779988777799888998899666666667777777777778899999999886666666777777778899777777778899777799888899777889977777777999988997777998877778899777
99889988889977777777889999887777777799887778899666666667777998866666666777799889988777777788996666666688997777777799886666666666666667777998866666666889977776666666677788998899998899887777777788996666666688997776666666699888899998877777777998877779986666666666666666666666666666666699889988666666699889999777788998899777766666666998877799887777777799886666666688997777666666666666666666666666666666688997777777788996666666666666667777998899887777777788996666666998899888899889977779999777788999988998
99887777889977777777777788997777777799887777777777788997777998866666666998877777777988998888997777777777777777777777779999777777777776666666699887777998899887777777777799889999777777778899777788997777777766666667777777766666666777788997777998866666667777777777777777777788997777889977777777998777777777777777777779988777799889988777777777778899666666669988777777779999998877788997777777788997777777777778899889988997777777998877776666666677779988777777779999777666666667777999977779988666666669988998
77777777777777777777889999887777777799889987777777788997777777766666666889977777777777777777778899777777778899777799888899777889999886666666688999988998877779988777777777777777999988997777999988997777999966666667777999966666666889977779999889966666667777999999887777777788999988777788998899998777799887777777799889988777777777777998877777777777666666667777999977779988998877777777777777777777777998877777777777799887778899777788996666666677777777777788999988988666666667777889977779988666666667777777
66666666666666666666666666666666889977776666666889977779999777799889999777799887777999889977777777889999998899777799886666666666666668899999966666666889977777777889977799999988889977779999889977776666666666666666666666666666666666666666666666666666666666666666666666889977777777998866666666889777766666666666666666666666666666666998889999887777666666667777998877779999666666677778899999999886666666666666666777788999989999889977776666666666666666889977778899777777799999999777766666666666666669988889
88997777777799998899889988999988777788997778899889977779988889966666666777788997777777889977777777889966666666777799888899777666666667777777777777777777777778899777777777777777998899997777777799887777998877777778899777777777777998877777777889966666668899777766666666777799999988777777777777777777777778899777777777777777777777777998877799887777666666667777777777777777998877777779999998888997777777766666666777788996666666999999887777777788997777777777777777777998877776666666699887777889988999988777
88999988999977777777777777779988999999889987777777788997777777766666666889977778899899777777778899777766666666777777777777777666666668899777799887777889977777777777799899887777777777777777777777779988998888999887777777788999988998877778899777766666667777889966666666999999888899777799997777998777777777777777788999988777799887777889977777777777666666667777889977779999777777777777777999977779988777766666666889999886666666999977778899777777777777777788997777988889977776666666677777777777777777777777
88999988666666667777777799887777666666667777777777788997777889988998899889999886666666777777779988889977777777666666667777777777799887777777799997777666666667777777777799997777998899999988777788997777999966666668899777777779988666666667777889977777777777889977777777998877777777889988999988889777777777777777777777777889977779988666666699888899998899889988777777777777666666666666666998877777777777766666666889977776666666889977777777777788997777777777776666666889999996666666677778899777777779988998
77779999666666667777999988997777666666667778899889988998899777799997777777788996666666998877777777777788997777666666667777998889977778899999988998899666666669988998877799887777777799887777889988997777777766666669999777799888899666666669988777799997777777999977779988777777778899777799887777777998877778899998877777777777777777777666666677778899889977777777777777778899666666666666666777777777777889966666666777777776666666777799889988998877777777777799886666666998877776666666677779988998877778899777
99888899666666668899999977779988666666667778899666666667777998866666666777799996666666666666666666666677778899666666666666666999988999999777777779988666666666666666677799886666666699887777889977778899777766666669988777777779988777788996666666666666667777889966666666998877777777998877778899777889966666666777788998899777777779988777789977778899666666667777998899889988777799866666666777799886666666666666666889977777779999998877776666666666666666777788996666666666666669999777766666666998877778899777
77777777889977779988889988997777777777777777777666666669988998866666666777777777777777777777778899777799889988777777777777777666666666666666677777777666666669999777777788997777777788997777666666668899777788997779988998877779999777788997777889966666666666666666666666777777776666666677779999889777766666666666666667777998866666666666666699889988998899888899777766666666777799877778899777777777777777777778899777799887777777777777777777998877777777666666669988777666666666666666677779988777799997777998
77778899777788998899777777777777777788997778899666666667777777766666666999999887777988998877777777999977777777889999887777998666666666666666699887777666666667777777788977778899998888998899666666667777777777777778899889999887777777799887777998866666666666666666666666998877776666666688997777777777766666666666666667777889966666666666666699999999999999887777889966666666777777777777777777799889988998888998899998877779989988889977777777777799888899666666667777777666666666666666677777777777777777777777
66666666666666669988777799889988998877779989988666666666666666677779988998877776666666666666666666666666666666889977777777889998877778899889977779988889977779988998866666667777889988999988777799887777889999887777777889999887777666666667777889966666666666666677778899998877776666666666666666666666666666666666666669988777766666666666666677778899777788997777998877779988666666677779988777788998899998877778899666666668897777777799888899777766666666998877778899988666666666666666666666666666666666666666
99887777777788997777998888997777666666669988899666666667777777766666666999977777777777998877778899777788997777666666667777777666666668899777766666666777777778899889999877777777999966666666666666667777777799887777777889977777777777777777777777777777778899777766666666777799887777777777777777777777777779988999977777777777766666666777789999887777777788997777777777778899777799988997777777777777777777799888899777799886666666777777779999777799997777777788996666666777777777777889988997777889977776666666
99889988777788998899777777777777666666667777777666666668899889966666666998877777777899889977777777777777778899666666668899777666666669988777766666666889999887777889999877779988777766666666666666668899777777777777777889977778899889977778899777777779988899777766666666777788999988777777779999998777777777777998899889988889966666666777777788997777999977779988998877777777777777777777777998877779988777777777777777777776666666889977777777777777779988889988996666666889977777777999988997777777777776666666
77778899777788997777889999887777889977776666666666666666666666677778899666666669988899666666667777998877779999998877776666666666666666666666666666666998877779999998866666666666666666666666777788996666666666666668899777799887777666666668899777766666669988998866666666889977776666666677779988666666666666666666666667777889977778899666666677779988998877776666666699997777998888977779988666666667777998866666666666666668899988777788996666666677779988666666669988988889977776666666699887777666666669999777
66666666777799889988777766666666777799889989988777799999988777777778899777799887777899777777776666666677777777998877776666666777799887777998877777777889999996666666699899887777777777779988998877779988777777777779988998899998899777777777777777777777778899999977777777777799887777998877777777777777777779988889999886666666677778899666666677777777777799889988998866666666889977788999988777777779988777777777777777799888897777777777777777777799888899998877777777777889977778899998866666666998877778899889
66666666777788997777777766666666889977777777777777799888899777777777777777777777777777777788996666666677779988777788996666666998877777777777799889988777777776666666677777777777998899887777777777777777777799888997777889977777777777788999999777777779987777777777778899998899887777777777778899777889977777777999988996666666699887777666666688997777777777779988889966666666777777777777777999977777777777799997777777788997777777777799998899777799887777777777779988899777777777777777766666666889977777777889
99998899999977779988777777777777777777776666666666666667777998877779988777799887777777666666667777777799887777777777777777777777777777777777788999988998877776666666666666666666666699887777666666666666666666666668899777788997777777799889988777788997776666666677779988666666667777777799997777998777777777777889977776666666677779988777789977779988777777776666666677777777998877766666666666666667777777766666666666666666666666889977779988777766666666889977777777777666666669988889977778899998877776666666
77779988777788999999777777779988889977776666666666666667777889988997777777777778899777666666667777889988997777999999999999777777788998899777799888899998877776666666666666666666666699887777666666666666666666666667777777777778899777788997777999977777776666666677777777666666669988998888997777777777777778899777777776666666677778899777777777779988777788996666666677779988777777766666666666666668899777766666666666666666666666999988997777889966666666777777777777899666666668899889977777777998877776666666
88997777998877778899998899997777777788996666666889977778899777766666666998877776666666666666669988777766666666777799887777998666666668899998866666666777788997777889966666667777889966666666998877779988889966666666666666666666666777799886666666677778896666666666666666666666668899777799889988666666666666666666666669988999966666666666666699889988666666667777889977778899666666666666666998899996666666688997777666666668897777777788997777998866666666999999998899777666666666666666699887777666666666666666
66666666777777776666666666666666666666667777777777777777777889999997777777777778899777666666667777777777777777777777778899777777777776666666677777777777777779988777777777776666666677777777555555555555555577779997777889977777777777788997777777788997777777777766666666777777777777777755555555555555577777777777777779999777777777777777777788997777666666666666666699887777998877766666666889977779999777788999988666666667777777777788999988889977777777777799888899999666666667777777777779988998877779988777
66666666889977776666666666666666666666667778899889977777777777788999988777799997777777666666669988777788997777889999887777998889977776666666688999988777799889988998899877776666666699888899555555555555555599887777777777777778899889977777777998888997779988889966666666777788998899889955555555555555577779988777799887777777799887777999977777777777666666666666666677777777998877766666666777777779988999977777777666666669989988998877779988777799887777777777779988899666666668899889977778899998877777777777
77778899666666669988777799887777666666666666666777799886666666699889988998888998899777889999886666666666666666666666666666666998877776666666666666666666666667777998877799886666666666666666555555555555555566666667777998877778899666666669988777766666666666666666666666777788996666666655555555555555577779988998899996666666666666666777789977779999889977777777998866666666889977799888899889999886666666677779988666666669987777666666668899777799887777666666668899777998877778899777766666666666666668899777
77777777777777777777889977779988777799996666666777788997777777766666666777788997777777777777777777999977778899666666668899998777777777777777777778899777788996666666666666668899777766666666777799887777777777777776666666666666666777777775555555555555557777777777777777998877776666666677778899777777777779988889977779988777788998899777777777777777998877778899998866666666777777766666666999999887777777777777777998877778898899999977777777777777777777998877776666666666666667777777788999988777799886666666
99997777777799888899777788997777777777776666666777777779988777766666666777788999988777777788997777777777777777666666667777777777788997777889988997777777777776666666666666667777889966666666998877779988777777779996666666666666666889999885555555555555559988998877778899777799886666666677779988777889999887777777799887777999977777777999989977779988777777777777999966666666889977766666666889977779988777788997777777777777779988777777779988889977778899777777776666666666666667777998888998899777788996666666
66666666777788999988777777778899777799886666666889999886666666699887777666666666666666666666666666666677778899666666668899777666666668899777799887777998877778899777777788998899777777778899666666666666666699887776666666666666666666666665555555555555559988999977779999889977776666666688999988999777788997777998877777777998899887777998877766666666666666666666666688997777889977766666666998899886666666666666666889977778898899777788998899777777778899777799887777899666666666666666666666666777788997777889
77777777666666667777777777777777777788999987777889999889988777777777777777799997777777777777778899777799889999777777779988777555555555555555588997777666666667777889977777777777998877777777889977777777998866666667777777777778899777788995555555555555558899777788999988998899888899777777777777777777799887777998888997777777777779988889977777777777666666667777777777778899777788977777777666666667777889988997777666666667777777777777777777998877778899666666666666666777777779999777777778899999977776666666
88998899666666667777889977778899777777779987777777777777777777788997777777799887777899998877777777777777778899998899888899777555555555555555577777777666666669988889977788997777999988997777889977779999777766666667777998877777777777777775555555555555559988777799887777889977777777998899887777777889999887777998877778899777799887777777789977779999666666667777998877779988889977777778899666666667777777788997777666666667778899998877777777777777777777666666666666666999999887777889977777777777777776666666
66666666666666666666666677778899666666668897777998888999999777766666666889988996666666777788999988777799997777777799996666666555555555555555577779999666666669999777799899889988777766666666666666666666666688997777777889999887777777799885555555555555556666666666666666998877777777998866666666777998866666666777788997777998866666666777789999997777666666669988998866666666998877777778899666666667777889977779999666666669997777666666669988889966666666777799886666666998877776666666666666666998888996666666
88997777666666667777777777777777666666667779988777799886666666688997777777777779988777777777778899777766666666998877779999777998877776666666699997777777799887777777766666667777777777778899777788996666666688997777777777777777777777777776666666688997778899889999997777777799887777777777777777777777799889988777777778899777799888899666666699887777777777777777998877777777777788999887777777788996666666677778899998888997777777998888997777889999999988666666669988777889977777777998899997777777788998899777
77777777666666669988777777778899666666667778899777777776666666699998899777799887777777889999887777777766666666889977779988889777777776666666677777777777777779988998866666668899777777777777777788996666666688997777777889999887777998877776666666677777777777889977779988777777778899999977778899777999977779988777799997777777777779988666666677779988998888998899998877779999777777777777777777788996666666688997777998877777778899889977777777777799888899666666669988777777777779988777788997777999977777777777
77778899889977777777777799887777998877777777777777777779988889977777777777777776666666777799887777777799887777777788996666666777777776666666677778899998888997777889977777777777777777779988777788999988999966666667777777799998899998888997777777777777776666666666666666777799886666666699998899666666666666666777777779999777766666666889977777779988777777777777889999889988889977766666666777777779988777777779999998877776666666998877777777777799887777777799886666666889999888899889988997777999988997777777
77777777889977777777999977777777889977779987777999988997777998899887777889977776666666777788999988777788998899998877776666666777799886666666699887777889988997777998877799998899777777777777889977777777777766666667777999977777777777788999988889988997776666666666666666889977776666666677778899666666666666666777788997777777766666666998877777779988998877779999889977777777998877766666666998899998899777777778899777777776666666777777777777998877777777777788996666666889988999988777788997777999988998899889
99889999777799886666666677779988998877776666666998899888899777766666666666666666666666998877776666666666666666666666667777889666666666666666666666666777788998899777777788996666666666666666666666666666666666666669988889977779988777799888899777766666666666666666666666666666666666666688997777666666699888899777788997777889977778899889977777778899889977779999998866666666666666677778899777799886666666688997777998877776666666777799886666666666666666777788996666666889988996666666666666666777799886666666
66666666777777779988777788999999998877778899988999988997777999977777777777777778899777889977778899777799889988666666666666666777777777777777766666666666666667777998899877777777777766666666777777777777889988999886666666677777777999988998899777788997777777998899888899777799888899889977778899889777777778899777788997777998877777777998898888997777666666669988777777777777666666688997777666666669988999977778899666666669987777666666667777998877777777998877779988777777777778899777799887777777799887777998
66666666777799887777777777778899998877777777777998899888899777799887777889977779988899777788997777777777779988666666666666666998877777777889966666666666666667777777777799888899777766666666998877777777998899888996666666677778899777799888899777777779987777889977777777777799889988777799887777777889999887777777788997777777788998899777777777779988666666667777777788998899666666699887777666666667777998899888899666666667777777666666667777998877778899777777777777777777799887777777777777777777777777777777
88997777889977776666666666666666998877776666666666666667777998866666666666666666666666666666666666666666666666889999887777999889999886666666666666666666666667777889966666668899999988997777666666667777998899887776666666655555555555555556666666666666666666666699887777777799996666666688997777666666677778899998899886666666699887777666666688999988998877776666666688997777998877799888899889977777777889966666666666666669988899889977779988777766666666666666666666666998877776666666688997777666666667777999
77778899998877778899777799887777666666669987777666666667777777766666666777777777777777777788998899777777778899998877778899777777777776666666677777777777777779988777777799888899777799887777666666669999998899887779988999955555555555555557777998899889999999777777777777999999887777777777777777666666699998899777788998899777777777777777789977778899998877778899777799998899666666677777777777799888899777799888899777788997777777777788996666666677777777666666668899899889977777777998877777777998899887777889
99888899777788997777998877779988666666667777777666666667777998866666666998877779988777777777777777777777779999998877777777889999999886666666699887777777788998899998877777779988777777777777666666667777777777777777777777755555555555555559988998888998897777777799887777777777777777998877779999666666688997777998877777777889999887777777777788997777777777777777777799887777666666699888899777777779999998877778899889999887778899777777776666666699887777666666669988777777799887777777799887777889988997777777
66666666666666666666666666666666998877776666666998877777777889988998899889988998899777777788996666666677778899666666666666666666666666666666666666666999999996666666666666666666666666666666777799889988998899997776666666699889988998877779988777799889986666666677779988666666669988777766666666666666666666666998877779988777799889988666666666666666666666667777999977779999666666666666666777788999988889999887777666666666666666889999887777889999998899998877778899899666666667777998877779988777788996666666
77777777777799997777889966666666999977777777777998877779988777788997777889977778899777998877779988777777777777777788997777777889988997777998899887777777788999999777777777779988777799888899777799888899777766666667777777799887777666666667777777766666669988777777779988777777777777998899887777666666677779988998877776666666699887777777777799999999666666666666666677777777777788999887777777799886666666677777777889977776666666777777778899777777779988998877776666666998888997777777766666666777777778899777
88999988777777777777777766666666777777777779988777777777777777777778899777777777777777777777777777889999887777777788997777999777777779988777788999988889977778899998877799997777777777778899777777777777777766666668899999977778899666666668899777766666667777777777779988889999889988777777777777666666677778899777777776666666699887777999977777779988666666666666666677778899777788988997777777777776666666688997777777777776666666777788997777777777777777777777776666666998888998899777766666666777799887777777
99997777666666666666666677777777998877776666666777777777777999966666666777777776666666998877778899777799888899889977776666666777788997777777799887777666666668899998877799998899777777779988666666667777889988999888899889977779999666666669999998877779987777889966666666889977777777998899888899777999988997777889999886666666677777777777777777777777777788996666666677778899999977799887777777788996666666677777777666666669997777998899997777777777777777777799888899777777788996666666699999999998877778899777
99887777666666666666666677779988777777776666666889999887777777766666666777799886666666777777777777889988997777889977776666666777777779988777777778899666666667777777799877777777889999887777666666669988777777778998899777777778899666666669988998877778897777777766666666777788998899889977778899998777799887777777777776666666699887777777789977779988777777776666666677778899777777777778899777777776666666677779988666666667777777998877779988998877778899777788997777899777777776666666677778899998888997777777
99997777889977776666666688997777777788996666666777799998899777766666666666666666666666666666669988777766666666998877777777889777799889988889966666666666666666666666666666668899889966666666666666666666666677778997777998888999999777788996666666666666666666666677779988889988997777889999887777777998877778899889977777777889966666666889998866666666889977777777998899887777998877799887777777799999988777799889999666666667779999777799997777889966666666777788999988777998888996666666666666666889977777777999
88997777889988997777999977779999889999889988899666666669988777799887777889977776666666889977779999998899887777666666669988999998877777777777799887777666666667777777777777777777889977779988777799887777777777778996666666666666666998877779988777766666667777889966666666666666666666666666666666998998888997777777788999988777777779988777777777779988777777777777777766666666777777799887777666666667777777777779988999977778899999889977779988777799888899777799886666666998877777777998877777777998877777777777
88998899777777778899777799999988777777777777777666666669988777799887777777777776666666777788997777777777777777666666667777777889977777777889999888899666666669988777799877777777777799887777777777779988889999887776666666666666666777799888899777766666667777998866666666666666666666666666666666889889977779988777777779988777777778899998877799887777998877778899777766666666889977777777777666666667777889977777777998877777779988777777778899777777777777998899886666666777777777777777788997777777788998899889
88999988666666666666666666666666998877778898899777788999999777777779988666666668899777666666669988889966666666666666667777889666666668899777766666666998877776666666666666667777998866666666666666667777998888997777777998899888899666666666666666666666668899777766666666998877776666666699997777777998866666666998888996666666699888899889977788997777666666666666666699999988889999877778899889988999999998888997777889977778899988777788999988777799887777998888996666666666666666666666666666666666666666666666
77779988889999886666666666666666889977779989999777777777777999966666666998888996666666666666667777777777777777777777778899777777799999988998877777777777777779988777777799886666666699887777777777779988777799887777777998877779988998899888899777766666666666666677777777777777777777998866666666889998877777777998877776666666688999988777789966666666666666666666666677778899889977755555555555555557777777777777777998877779989988889977779988777777779988777777776666666889977776666666666666666666666667777998
77777777777788996666666666666666777777779988899777788997777777766666666777799886666666666666669988777788997777889988997777777889977778899777799889988999977778899889988977776666666677777777777799998899777799887779988777777779988998877777777998866666666666666688997777777788997777889966666666777998899998899998877776666666699887777777777766666666666666666666666699889988998877755555555555555558899777799887777777777777777777998899888899998899887777777788996666666777777776666666666666666666666667777777
99997777889999887777999977779988666666669987777666666668899777766666666998888999988777998877776666666699887777666666667777998666666669988889966666666666666666666666699877778899777766666666998899889988777788997777777889977778899777799996666666666666667777889999889988666666668899777766666666889777766666666666666667777889966666666889977777778899998877777777889999887777999977755555555555555557777889966666666666666667778899998888996666666677779988889977778899899777799889999777766666666777799889999777
77777777777788999988999977778899889999886666666777777777777777766666666666666669988777777799889988998877778899998877776666666777777779988777777778899889977778899777766666666666666666666666998877777777889966666667777889977777777777777777777998888999989988777777777777889999888899777777779988998777766666666889977776666666677777777889977777779988666666666666666677779988777777788997777777799889988999966666666777799889989988889977779999777777777777889999888899777998899886666666688997777998888997777777
99887777777777777777777777777777777777776666666998877777777998866666666666666667777777889977777777889977777777777777776666666777799999988777777777777998877777777777766666666666666666666666777777777777777766666667777998899887777889977778899889977777777777777799887777777777777777777788997777777777766666666777777776666666677778899999977777777777666666666666666699887777998877777779988777788997777889966666666998877777777777777777778899777777779999777777779988777998899996666666677777777998888997777998
99887777666666666666666666666666777788997779988889977779988777766666666999977777777899666666669988998866666666666666669988777999977779988777766666666999977777777999977799887777999966666666998877776666666666666669988777777779988777788997777998866666667777889977778899998888999988777777779988777889988999988666666667777998899887777889977788998899666666669999889966666666777799999887777889977777777998866666666998899887778899998877776666666666666666666666666666666889977778899777799997777889988999999777
77777777777799888899777788997777999977776666666777788997777889977777777666666667777988998877777777777799889988889999889988777777777777777777777777777998877778899777777788997777998899887777998877777777777766666666666666666666666666666669988777766666667777777777777777777799887777777777777777998998877777777666666666666666677778899777777777778899777799888899777777779988777777799997777777799997777777799887777777788998897777777777777777777777777777998877777777777777788998899777777777777777799886666666
77779988777799997777777777779999777777776666666998877777777777788997777666666668899777998888997777998877779988777777777777998889988997777889999889988998877777777777777777779988998877777777777777777777998866666666666666666666666666666667777998866666667777889988997777777777777777998899997777777777799889988666666666666666677777777889977788998899777799887777889977777777777799899889988777777778899889988997777777777777779999999988997777889999889988777777777777899777777778899777777778899777777776666666
77779988999988997777777788997777777777777777777998888997777999977778899999977778899777777788996666666699999988998899887777889998877779988777799999988889977779988777777777778899777766666666777799997777777788997776666666699887777999977778899998899887778899889977777777777799887777889977777777998777777777777999999887777777777779988666666666666666777799999999889977777777889999899887777777777777777777777777777998877779987777889977777777777777778899666666667777988998877776666666677778899777777777777777
77777777777788997777998877777777777788999987777889988997777999977779988998899997777777777788996666666688997777998877777777998889977777777998877777777998899888899998877799889999777766666666777777777777889977777776666666677777777777777777777998899887779988777799889988777777777777777799889988777777777779988777777777777998877777777666666666666666777777778899777777778899777777777777777777799887777889988997777777777779987777777799887777889988998899666666667777777777777776666666699887777999977779988777
66666666666666669988777788998899555555555555555998899886666666677778899889999998899777666666666666666666666666889977776666666889977776666666677779988777799887777999977799889988777799887777777788998899998888997776666666688997777666666669988889977779987777889966666666889988999988889999887777998889966666666777788996666666699887777666666688997777998899996666666699889988889977766666666666666666666666699887777777788996666666998899888899777799889988777788999988899889977776666666699889988666666666666666
99887777777799887777777777777777555555555555555998888997777777777777777777799997777899777788997777889988998899777777776666666777799999988998899998899666666668899998877788999999777777779988666666667777889988997776666666699887777889988998899998888997777777999977779999777799888899777777778899666666666666666666666669988889977778899998877799889988666666668899777777778899777777799887777777799889988777766666666889977776666666889999997777998877777777666666666666666777777778899889977777777889977777777998
77777777777777779988998888997777555555555555555777799887777889999887777998888997777777777799888899777799888899777799886666666777777777777777777779988666666668899777777777777777777788997777666666667777889977777776666666699887777777777777777777777777778899777777778899777777778899777777779988666666666666666666666669988889977779988889977777777777666666667777777788997777889977788997777777799997777889966666666777777776666666999977777777777788997777666666666666666889977777777777799887777998888997777777
66666666666666667777889966666666666666666666666889977779988777799887777777788998899777666666666666666677779988666666666666666889999997777889977779999999988997777889966666669988998866666666998888998899777766666666666666666666666889977776666666688999987777889977779988998888997777998866666666666666666666666666666668899889977778899998877777779999998877779988777788998899666666688997777777799886666666666666666666666666666666998877779988777777778899666666667777899889977776666666688997777777788998899777
77777777777788997777777777777777999977776666666777777776666666677777777666666668899899666666668899889977777777666666667777777998877777777889977777777666666667777998899877777777889999887777998877777777889977778996666666699889988666666667777777777778899988777777777777777788997777777766666666777889977778899777799888899998877778899998877777777777777777776666666677777777777777788998899777777776666666699997777777799887779988777799887777777799887777777777778899988777799886666666699887777999977778899777
77779988777777777777889977779988777777776666666777799886666666677778899666666669988777666666668899777777779988666666669988777777788997777777777778899666666667777777777777777777777777777777889977777777998899998996666666677777777666666667777998877778897777998899889988777788997777889966666666889777777777777998877777777998888997777777798899999988998877776666666699888899998877777777777889977776666666677779988998877779987777777777777777998877777777777799999988777998877776666666688997777998877777777777
66666666666666666666666677778899889988996666666998899887777889966666666999977776666666777788999988998899997777889988998899777998877777777998877778899889999888899777777799889988889977779988777788997777998866666666666666666666666777788996666666699887777777889966666666666666667777889988998899999777766666666666666668899777766666666666666688998899889977776666666666666666889977799887777666666669988777788999988666666667779988998877777777998877779999666666666666666666666667777998877778899555555555555555
77779988998877777777998877777777666666667777777666666667777998899887777777777776666666998899887777777799887777889999889988777998899888899777766666666777777777777777788977776666666699888899666666667777777766666668899777777777777777777776666666677778896666666699887777777799888899777777778899777998877779988666666667777998866666666666666699887777777777777777777766666666999977777779988777777779988777788999999998877779988899777777777777777777777777666666669988777777788999999998899889988555555555555555
99998899777777777777999999887777666666669987777666666667777998877777777998877776666666777777779988998877778899777777779999777889977777777777766666666889988999988777777799886666666677777777666666667777998866666667777777777779988889977776666666677777776666666699889988889977778899777788997777999889988999999666666667777777766666666666666677777777998877777777889966666666777799899887777777788999999998877777777777777779997777777799997777999988997777666666668899899998877777777777799998899555555555555555
99887777777777777777998877777777666666668897777998899887777777777777777777788998899777666666667777889977777777777777777777998998899998899777777777777777799996666666677777776666666699887777777799886666666688998997777777777779988889988999999777777777776666666666666666777777778899777788997777777889977777777889977777777777777777777777777777777777777788997777889977777777889977777778899666666667777998888997777998899888897777666666667777777777777777777799887777988998888998899777799887777666666668899777
99887777889999887777777788997777666666669987777889977779988777777779999777788997777777666666668899998888997777998877777777777777777777777998888998899889999886666666677799886666666677778899777799886666666677777777777889988997777998899997777998888997776666666666666666998888997777777777779988777889988998899889999887777889988999988998889988997777777777777777777799889988998877777778899666666669999777777777777777777777778899666666669988998877779988777788997777777889977777777777777777777666666667777889
66666666666666667777998877778899889977778897777777788997777889977778899666666666666666666666667777998877779988666666666666666889999889999777766666666777799996666666688977779988889988999988666666669999777799888998899777766666666998877779988777788997778899889966666666666666667777998866666666666666699887777998888997777998877779988666666688998899889977777777998866666666998877799887777889999888899777766666666889988997779988666666666666666666666666777799887777988666666669988777799888899666666667777998
66666666777777775555555555555555777799887778899998877778899777799889999777777779988777998877777777998899888899777788996666666777799888899777777779988666666669999777777777777777777777778899666666667777777766666667777777766666666889977778899777777777777777998866666666889988998899777777779988777889977777777666666667777777777777777889989999888899889999886666666666666666998877777777777777788997777777766666666998877777778899998877777777777777778899777799886666666998877777777998866666666666666668899777
66666666998888995555555555555555777788997777777998888997777777777777777999977779988777998888997777777777779988777799996666666889977778899998877777777666666669988889999877779988777777779988666666669999777766666667777889966666666777777777777777777779989988777766666666777777779999777777779988777777799887777666666669988889988997777777777777777777777777776666666666666666777788999887777889999999988889966666666777777779987777777777779988777777777777777799886666666777777777777889966666666666666667777889
66666666666666665555555555555555666666669987777666666666666666666666666666666666666666998888998899889988997777666666666666666666666668899777777779999999988997777998899877777777889999888899777799887777889966666667777889977778899998877779988777777779989999889966666666889977779988777766666666777889966666666889977779988777766666666999977799887777998877778899777799887777777799866666666666666668899777766666666777788999997777666666667777889999887777777799888899777777799886666666688997777666666669988777
77777777998877779988998877778899998877779987777998877778899777799887777777788999999777999977778899889966666666777799887777998998877776666666666666666777799886666666677788999988889977777777998877778899889999887779999998866666666777788997777777788999985555555555555555777799886666666677777777666666677779988777788998899889977777777998877777778899889977776666666688997777777777777777777998877779988777766666666777799889989999999977777777777788997777777777779988777666666669988777788997777777788998899777
99887777777777779988777777779999998899887777777998877777777777777777777777788999988777889988999988777766666666998877777777777777799886666666666666666777799996666666677777777777777777778899777777779988777777777777777777766666666889988997777889977777775555555555555555777788996666666699997777666666677777777777777777777889977779988777789977777777777799886666666677777777998877788997777777777777777889966666666777788999989988999977777777889977778899998888999988777666666667777889988997777777777777777998
66666666666666669988777799887777777788996666666777799889988777766666666666666668899777998877776666666666666666999999886666666998877778899889988997777889999889999889977799999988777766666666666666667777889966666667777998866666666666666667777889977779985555555555555555889999889988777788997777889889966666666777799996666666688997777666666666666666889999886666666666666666998877766666666998877776666666677778899777799997779988998877779988998866666666666666666666666777788997777889966666666777788996666666
66666666777777777777777777779988998877776666666777788996666666677779999777799887777899998899889988889977779999777799887777777889988997777777788997777777788997777998877777777777777766666666777777778899889999889886666666677777777889977778899777766666667777777777777777777777777777889977779988998777777777777777799888899998877779988889989977777777777799889999777777779988777777799887777999999886666666666666666666666667778899777777779988777799999988777777778899777999999999988998877777777777777776666666
66666666998877778899998888999988777777776666666777799886666666699887777777799888899899777777777777998877778899777788999988998777777777777889988999988777777778899998888988999988777766666666889977777777777777777776666666699888899889977777777777766666668899777799887777998877777777777799887777777998877778899999977779999777777777777777777788997777999977777777777777777777777788977777777889977776666666666666666666666669987777998877777777777777777777777799887777777999977779988777777778899777799996666666
66666666889977779988777766666666777799996666666889999889988777788997777666666666666666666666666666666699887777889977776666666777788996666666666666666666666667777998877799887777998877778899666666668899998866666667777889977778899889988999988777777778896666666688997777777799887777889977779988777998866666666998877779988777799887777666666677778899998877776666666677779988666666677779999777788998899777777778899998899886666666998877778899777799887777666666669988777666666669988777766666666999977779988777
