77777777777788997777998888997777777799887777777666666666666666699999988777799887777777889977777777889977777777998877779988999777777779988889999887777666666668899777777788997777777799999988999977777777889977777779988777799997777777777779988777799889987777777777777777777777777777777777777777666666699887777666666669988998888997777777798877778899777799888899777777779999777799866666666777777776666666666666666889977779987777889988997777777777777777777777777777777889977776666666688997777998899886666666
77779988777799887777889977777777889999887779988666666666666666677777777777777779999777777799887777777799887777777788999988889998877777777777777777777666666667777777788977778899777777779988777777778899777799887777777777777779988777799887777777777779989988777788997777889977777777998899887777666666677777777666666667777889988998899889977799889988889977777777889999887777889977766666666998899886666666666666666777788997777777889977778899889999997777889999888899777777777776666666677777777777777776666666
66666666998877777777777777778899999977776666666666666669988777788997777777799889988777998888996666666699997777998899887777999777788999988777777779988666666668899777766666668899777766666666777777777777777766666669988999966666666998877778899777777779987777889966666666666666667777889977778899777777777777777998899996666666688997777777777799889988998877779988777777779988777777788997777998877778899889977778899777777777778899777799888899777766666666889977776666666889977777777777766666666777777777777777
66666666777777778899998877777777998899886666666666666667777777777777777777788999988777777799886666666699999988777799887777998777788999988777799887777666666667777889966666669988777766666666777799889988777766666669988998866666666777799997777889988997778899777766666666666666668899777777777777777889988997777777788996666666677777777889977777777777998877778899777777778899889999977777777889977777777998888997777998877777777777777777778899777766666666998888996666666998877779999889966666666889988999988777
88997777999977779988777788997777666666666666666998877777777999999887777666666666666666666666666666666666666666889977779999777889988997777889966666666666666667777999966666666666666699887777999977778899777777778999988777788997777998899998899777799888896666666666666666666666669988777799887777666666666666666777799887777889988998899777799966666666998899998899777788997777666666688999988998877777777889966666666889988996666666666666666666666666666666889977776666666666666669988777777779988666666666666666
99887777777788997777889977777777666666669987777666666668899777777777777777788997777899777777777777777799887777777799887777998666666667777777766666666777777776666666699877776666666677777777999977777777998877777777777889977777777777777779988777788997779988889988997777889977779999889977777777777998899887777777788997777998877777777666666688997777777799997777998877777777777777799887777777777778899998888999988998888997779999666666667777777777778899666666666666666777777778899777799998899777799997777998
77778899777777778899889977778899666666667778899666666667777998877779988889999997777988998877778899889977779988999988997777889666666667777999966666666777788996666666677799886666666699889988777777777777889977779889988777799887777777788997777777777777778899777777778899777777777777889977779988777777777777777777777777777998899889988666666699887777998899999988889977779988777799877777777777788999988777799889988998877777777777666666667777998877779999666666666666666777799887777998888999988777777777777777
77778899777799889988777766666666998877776666666889999886666666677778899666666669988777998877777777998866666666666666666666666666666666666666666666666666666666666666677799886666666666666666998877777777999966666667777889977779988777788997777998866666668899777766666666889977779988777788997777666666666666666889977776666666666666666666666688999988666666669988777766666666666666677779988666666666666666688998899666666666666666777799889988777788999988777788998899777666666669999777777779988777799886666666
88999988998877777777998877777777777777777777777777799888899777777777777666666666666666777799998899777777778899889988997777777889977779988889999887777889999888899777799877779988777766666666666666667777998877777779988777777777777777788997777777766666669988998899887777777799887777777766666666777889999997777889977777777777799887777666666677777777998888998899777788999988777777777777777777777776666666677777777777777777778899999988997777777777779988666666666666666777799889988777788998899777799886666666
77777777777777778899777788998899999977779988899777788998899777799887777666666666666666889977777777777777777777998888999988777777777777777777777779988777777779988777777777777777777766666666666666668899777799887777777777777778899777777778899777766666667777777799887777889977777777889966666666777998877777777777777778899998899889988666666688997777998888997777777777777777998877777779988998877776666666677778899998877777778899777777779988998877777777666666666666666889988997777998899888899998888996666666
66666666666666666666666688997777998877776666666777799889999777788997777998877778899777666666666666666699889988666666666666666666666669988777788997777666666666666666666666666666666688997777999977777777998866666666666666677778899889999887777889966666666666666699888899666666666666666677778899998777766666666666666666666666699999988777799966666666889977776666666688997777777799866666666666666668899777788997777889977776666666666666667777889988997777666666667777988889999886666666699997777666666669988777
99889999998877777777999999887777666666666666666777777777777889977779988777777778899777998877777777777766666666777799887777999777777777777777788998899777777779988777777799886666666677778899777788996666666688998999988998877779988777777778899777777777777777777777777777889977776666666677778899666666666666666999977778899777777777777999977777778899998877777777998866666666777777788997777998877776666666688997777998899889987777666666669999998877779999777777777777899777788997777777777779988889999888899777
77777777889977779988777777777777666666666666666777788999988777777777777777799887777777777777777777998866666666777777779988777889977779988889999887777998877777777777777777776666666677777777999999886666666677777779988998877777777889977777777777799889987777889999997777889977776666666677777777666666666666666777777777777777799887777777789977778899777788997777889966666666998877799887777777788996666666677777777777799997777777666666667777777777778899998899887777899777777777777998899887777889999887777998
77777777777777778899889999887777889977779999988666666667777777777777777998899887777899999988997777889977779988777777778899777998877777777777788997777777799887777889966666667777777777777777777788999988777777777776666666666666666777777779999999977779986666666688999988889977777777777799889988666666677779988666666666666666677777777777777777779999777777776666666677777777889999977777777777777778899777766666666777788997779988998877779988889977777777889977777777777777777777777998888998899666666667777777
77778899777799887777777777777777998899887777777666666669988998888997777777799887777777777777777777777799889999777788998899998777788997777889977779988777799998899777766666669988777777779988998877779988889988997776666666666666666777799887777777788999986666666677778899889977777777889977778899666666699997777666666666666666699888899777789977779988999977776666666677778899777777788999988777788999988777766666666777777777777777777799887777777788998899777777777777988889999887777777777779988666666669988777
66666666999977777777889977778899998877776666666998877777777998866666666998877776666666999977776666666666666666666666669988777666666666666666699889988666666669988777766666669988777766666666777799888899777766666668899777788997777998877779988999966666666666666666666666777799889988777766666666666666666666666666666666666666699887777889989977779988666666669988777788999988666666699887777998877776666666666666666666666666666666666666667777889999997777889988996666666666666669988777766666666666666667777998
77778899889977776666666688998899998899888897777777788999988998877779988666666668899899998899887777777777777777666666666666666777777779988998899887777777777776666666677799887777999999887777777799887777999988997777777998877778899999977778899889977777778899998866666666666666666666666688997777777998899887777889977779999998877777777889977777777777777788997777777777777777666666699887777777788999988777777779988889977779989999666666666666666677777777998877777777899666666667777777777777777777777778899777
77778899998899886666666677777777777799888897777998877778899889977777777666666667777777777777777777998877778899666666666666666999977777777998877777777889988996666666699877777777998877777777777788997777777777777777777889977777777998877777777777777779987777889966666666666666666666666688997777889777799999988777777777777889988997777777789988997777998877778899777777778899666666677777777777777778899777777777777777777777777777666666666666666699887777777777777777777666666668899998888997777889999887777998
66666666666666669988777766666666666666666666666777788996666666666666666666666666666666889999886666666677778899666666668899889666666667777998877779988777788999988777766666669988777766666666777799886666666688998996666666699887777666666666666666666666666666666666666666777788997777998877778899998777777778899998877776666666699887777666666666666666777788996666666688999988998888988999988666666666666666666666666998877776666666666666669988777777778899666666668899899666666667777998877779988889977777777889
77777777998888998899777777777777777777776666666777777779999777777777777998877777777777999977778899777777777777777799997777999998877779988777788997777777777779988777766666666666666677777777777777776666666677778997777777777777777777799886666666699887779988777799887777777788996666666699997777666666677777777777799888899777788997777777777777777777777777778899777777778899666666666666666777788999988777777779988777777779987777777777777777889977777777889988999988988666666666666666677779988889999888899777
77778899889999888899777777779999777799886666666999988997777777799887777777799888899777777777777777777788998899777799887777998999988997777889977777777777799997777777766666666666666677778899777788996666666677777778899998888998899777777776666666677777778899777777778899777777776666666677779988666666699887777777799887777889977777777999977777778899998899999988889977777777666666666666666777777777777777777777777998888997777777777788997777777777779988998888997777777666666666666666677779988777777777777889
99998899889977776666666666666666666666666666666777788999988998899887777666666666666666666666669988777777779988889977778899777666666666666666699887777999977779988777766666668899889966666666666666669988777766666666666666666666666998877778899889966666669988889966666666998877776666666666666666998777766666666889977777777889999888899666666677779999777799999988777766666666889977799887777666666667777889988999988666666666666666666666666666666666666666666666666666666666666666666666677779988666666668899777
99887777889977777777777777777777777777777777777889988998899998877777777777788997777777666666668899889966666666777777776666666777788999988998877777777777799999988777788988996666666666666666998877776666666688999998899777766666666666666667777999988997778899889999887777998877777777889988997777777998899887777777777777777998877777777998877777777777998888996666666688997777998877777777777998877776666666666666666889977778899988666666667777777777779988998899888899899777788997777777777779988998877777777777
77778899998877777777998899889988889977777778899777777777777889999889999998877779988999666666667777777766666666998899886666666777777777777777788998899777777779988998899877776666666666666666999999886666666677777777777889966666666666666667777998888999987777999977779988777777777777777777779999777777777779988889977779988777788999999777777799889988777777776666666677779999777777788998899889977776666666666666666998877777779988666666668899777788997777777777777777777777799887777998899887777998877778899777
66666666666666666666666666666666999999888898899889977777777998877779999889999996666666777799886666666699889988666666666666666998877779988998866666666999977777777889966666666666666677779988889999887777889999887777777998877778899889977776666666699887779988889966666666777799886666666699889988666666666666666666666667777889966666666666666677778899998899888899777766666666998877799997777666666667777998888999999889977779988899889999888899777777778899666666668899777666666666666666666666666777799996666666
77777777666666666666666688998899666666668897777889988998899777777777777666666667777777777777776666666677777777777799887777889999977777777777788997777998877779988777788977777777777777779988998877778899777777779999988777777777777889977779988889977778898899777777777777777799886666666666666666777889966666666666666668899777799887777666666677779988777777778899777799887777999977799887777777777777777998899889988777799887777777889977777777889966666666889988996666666666666667777777766666666666666668899777
99887777666666666666666677777777666666667777777998877777777777777778899666666667777899777788996666666688997777998877777777777998899887777889988999999777777779988889977777779988777777778899998899887777777777777777777777777779988777777777777889977777777777777799887777777799996666666666666666777777766666666666666667777777799887777666666688997777889999997777777777778899777799877778899777788997777777777777777777777779987777777777777777889966666666777777776666666666666669988777766666666666666667777777
66666666666666667777777777778899777799887777777777788996666666688997777998877779988777998877776666666677777777666666667777777666666666666666699889988889977776666666699877776666666677777777777777779988777766666667777777799999988889988997777889988997779988777777777777889988996666666699997777999998899889999777777777777889977777777777789977777777777788998899889988997777666666677777777777777778899889999887777666666666666666777788996666666699887777777799888899777777799887777777799887777777777777777777
66666666666666669988777777777777998877779987777889977776666666699887777777777777777777889977776666666688997777666666668899777666666666666666677777777777788996666666699877776666666699887777998877777777777766666669988889977778899777777777777777777779988899777777779999777777776666666677777777777998899887777998877777777889988998899889977777779988889977779988998899887777666666688997777777788998899777799888899666666666666666777777776666666688997777998877777777777777799999988999977777777777788999988777
88997777998877776666666666666666666666666666666777788998899998877779988666666666666666666666666666666699997777998877776666666777799886666666677779999666666667777998866666666666666677778899777799886666666666666669988777799887777666666666666666666666669988889999887777666666666666666666666666666666688997777889977776666666699997777889998877778899777799886666666677779988666666688997777666666666666666688998899889977776666666889977776666666699889988998899996666666777788996666666666666666777788996666666
77777777777799888899998877778899998877779987777777777777777998899887777777777778899777777777779999889966666666777777776666666777799889988998877777777998877777777777799877777777998888999988777799887777889977778996666666666666666777799889988777766666667777777777777777777788996666666666666666777999977777777777777777777777777777777666666666666666777799888899777777777777777799866666666998877779988998866666666777777777777777777788999988998877779999777799888899777777777778899998888999988777799888899777
77779988777777779988998877779988777777777779988998877778899998877777777999977779988777999977777777777766666666998877776666666998877777777777788999988777788998899777777777777777777799889988777799887777998888997776666666666666666777777778899777766666668899777777779988777799886666666666666666777777799997777777799888899889999997777666666666666666777777777777777777779988777788966666666777777777777999966666666998899887778899998877777777777777778899777777777777777889999888899777799887777889988997777998
66666666666666666666666688997777777788999987777889977776666666666666666666666667777899777788996666666666666666889977777777889666666666666666677778899777799886666666666666667777889999887777889977776666666699887779988998866666666998877776666666666666669988998866666666666666669988999988997777777998866666666777788996666666666666666777798866666666998877776666666666666666666666699887777998877777777889966666666889977779987777777799889999998899887777666666667777899889999889999777799888899777799887777998
66666666777777777777777799887777666666667779999777777777777777777777777998877776666666889999888899777777779999666666667777889666666667777998877778899889999997777889966666668899777777778899998877778899998899997779988998877777777998877778899889966666668899777777777777666666667777777799887777777998866666666666666668899777788997777777777777778899666666668899777799889988777777766666666999999887777998899887777998877777778899889977777777889977779988777777776666666998877778899777777777777889977779988777
66666666777799887777998877778899666666669987777998877777777889977779999998899996666666777777777777998877777777666666667777777666666667777998877777777998877779988777766666667777777777777777998877777777777799887777777777777779988777777779988777766666667777999988999988666666669988889977779988777998866666666666666667777777799997777998877777777777666666667777889999999988777788966666666777777779988777788997777998888999987777777777779988777777779988999977776666666777777779988777777779988998877777777777
77779988889977779988777766666666998877776666666666666669988777766666666889977776666666666666667777998877779988889999997777998998899888899777777779988666666669988777766666666666666677778899998899886666666666666666666666677779988666666666666666699889987777998899887777666666668899777766666666666666677778899889977779988777777778899998889966666666666666668899998866666666666666688997777998877775555555555555555889977776666666998877776666666677779999889988996666666998877779988999999889999889977776666666
88997777666666666666666666666666666666669999988998877777777998888997777889977777777899998888997777889966666666777777777777998777777777777889966666666666666666666666677777777777777777777777777777776666666677777776666666666666666777788998899998877778896666666677777777777799889988777777779988666666688999988999977776666666677778899666666688997777889977779999777788997777666666666666666998877775555555555555555777799889987777666666669999777777777777666666668899899999999998899889988997777889977778899777
77777777666666666666666666666666666666667777777777777777777777799888899777777777777999998877778899777766666666999988999988998777799887777889966666666666666666666666677799887777889999997777777788996666666699997776666666666666666777777777777777777779986666666699887777777788999988777777777777666666688997777777777776666666677777777666666677779988999988999988777777777777666666666666666777777775555555555555555777788997779988666666668899889977779988666666667777777889999888899777799887777777799887777777
77778899777788999988999966666666998877779987777666666667777777766666666666666667777777998877776666666666666666889977776666666889988997777998877779999998877778899777766666669988777777779999777799999988777788998996666666677779988889999887777777777779987777777788998899998877777777889977777777777998866666666889977777777777766666666777777799887777998888996666666699887777777777788997777998877777777889966666666889999887777777777777777777889988998899998877778899777889988998899777799887777998877777777889
88999988889977779988998866666666777777777777777666666668899999966666666666666669988777777777776666666666666666777777776666666777788997777777777777777777788998899889966666668899777777777777998877777777998888997776666666699889988777777779988777788997777777999988997777777777777777998888997777777998866666666777777778899777766666666889977777779988777788996666666677778899777799899889988777777777777777766666666777777778899988998888997777777777779988777799887777777777799889988889999887777777777777777777
66666666666666666666666666666666998877779987777998888997777998877778899889999886666666889999887777998888997777889977776666666777788998899998866666666777788996666666666666666666666688998899666666667777998877778999988777788997777889988998899889988997777777889966666666666666666666666666666666666666666666666666666666666666688997777889998866666666666666668899999966666666666666666666666777788996666666666666666777788997779988777788999988998866666666777799886666666777799997777889966666666666666666666666
77777777999988997777777777778899666666667777777777788996666666699889988889977777777777999977776666666666666666666666666666666777777777777777777777777777777776666666699977777777998877777777666666668899777777777777777998877779988777777778899777799998897777777777779988998877777777889966666666998777777779988777799889988777799889999777789977777777777777779988777799888899666666666666666777799888899777777779988998899886666666777777777777777766666666777777776666666777777777777889977778899555555555555555
77778899777777779988777799887777666666668897777777799886666666677778899777777777777899777777776666666666666666666666666666666777788999999777788997777998877776666666677777777777998888999999666666667777998888998998899777777777777889977779988777777777779988777799997777777777777777998866666666777777799887777777788998899777799998899777777799997777777788998899777788997777666666666666666777777777777777777777777889988996666666998877777777889966666666777788996666666889999887777998877778899555555555555555
77779988666666666666666677778899777799887778899666666666666666666666666777799887777899666666667777889977779988889977779988777666666666666666666666666666666668899889977788996666666688997777998899886666666666666666666666666666666666666666666666699997776666666699889988999988996666666688997777666666699999988889977779988777766666666889977777779988777799886666666677778899889977766666666889999888899998866666666999977777778899998899889988998866666666666666666666666777788997777998899887777555555555555555
77777777889999889988889966666666777777779989988777777777777777799887777666666669988988889977777777777766666666999977776666666998877777777889999888899998877776666666677777777777777788997777889977777777777788997776666666688999988666666669988777777778897777777788999988777799886666666699888899666666688998899777777776666666688999988777777799887777777799887777777777777777998877777779988777788997777777799887777777777776666666777799887777777777777777998877777777899666666667777998877777777998888999988998
77778899777788997777777766666666889977778897777889977777777998877777777666666667777777998888998899777766666666777777776666666777777777777998877777777998888996666666677799887777998877779988777788997777889977779886666666699887777666666667777777777777777777889977777777998877776666666677777777666666677779988998899996666666677777777998877788997777777777778899777777778899777788988997777777788997777889999887777998877776666666889988998899777799997777777777777777899666666668899777788997777777788997777777
77779999666666666666666677779988666666669988899666666669999777799889988666666669988777777799889988777799997777666666666666666777799888899889988998899666666668899777766666666666666677778899666666669988777777778997777889966666666998899888899998866666666666666666666666777799889999777766666666666666699887777666666666666666677778899666666688999999999999889988777788998899666666666666666666666666666666699887777889988998899999666666666666666666666666666666667777899777788996666666666666666666666666666666
88997777666666668899889999887777777777776666666998877779988777766666666777777778899777889977779999777766666666777788996666666999977777777889999888899777788997777889977777776666666699997777998877776666666666666669999998877777777777788997777777777777777777998899887777777777776666666677778899777777766666666998877777777777788997777666666677778899998888996666666699889988889977777779988777788999999889977777777777777777777777889977779988998866666666998877776666666998877779988889966666666777799889988998
77777777666666667777777799887777998899996666666777777777777777766666666777788997777777777777777777998866666666889988996666666777777779988777799887777999977779988889999877776666666677777777889977776666666666666669988777788998899777777777777889999887777777889977779988998877776666666677777777777889966666666777799887777889977777777666666677777777777777776666666677778899998877777779988777788997777777777778899998877777778899777788997777889966666666889988996666666777788997777777766666666777788999999777
66666666666666667777999977778899998877777779988998888996666666688998899889977779988899999988996666666677779988666666669988777666666667777889988998899666666668899889966666666666666699887777666666666666666666666666666666699888899777788997777998866666667777889966666666777788996666666677778899666666666666666666666669988777777779988666666688997777777799996666666688997777666666699887777777799887777889977778899666666666666666777799886666666688997777998877777777899666666666666666688999999889988996666666
77777777666666667777777777779988889977777779988666666666666666688997777889977777777899889988996666666677777777777788996666666666666667777889977779988777777779988889988988996666666688999999998888996666666666666667777889966666666666666667777777799887777777777766666666998899887777889977779988777777799887777777788997777777788997777889998866666666999977779988777799887777777777777777777889977778899777788997777666666667777777777799887777777766666666777799887777988998877777777777799887777777788997777777
77779999666666667777889977777777777777778897777666666666666666699887777777799998899777777799886666666699889999777777776666666666666669988777777777777777799889988777777777776666666677777777777777776666666666666667777998866666666666666667777998877777779999777766666666777777777777889977777777998777799887777777788997777998877777777999977766666666889999997777889999997777777788988997777889977779988889977778899666666669987777777777778899777766666666998888998899777777799889999889977777777777788999988777
99997777777777777777777777778899777788996666666777788997777777777777777777777777777777666666668899777777778899777788996666666998877777777998866666666777777779988998877777777777777799887777666666667777777777777777777889988997777998877777777889999887777777777788997777777777777777777799999999777998888999988777777777777777777778899777789999887777666666666666666677777777777777777779988777777778899999966666666889977777777777777788997777998877778899777788996666666777799996666666666666666666666667777777
77777777998877779988998877779988889977776666666777777778899777777779999777788999988777666666667777889999889988889977776666666777777778899998866666666998877777777777799999889999777777777777666666668899998888997779988777777779999777777778899889977777777777999977777777777799888899777777777777777777788997777777788997777998877779988777789977779988666666666666666677778899999999877777777998899997777777766666666777777777779999777777777777777777779988777799886666666777777776666666666666666666666669988777
99888899998888996666666677779988998899889987777666666667777999966666666666666668899899666666667777998877779988777799886666666889988996666666688997777666666669988998899899997777998877778899555555555555555588997777777998888999988666666667777998877779986666666666666666777799888899998866666666777998866666666889977776666666666666666666666666666666666666666666666677778899666666677779988889977776666666666666666666666666666666777799886666666666666666777799886666666889977778899777766666666666666669999777
66666666889977777777777777779988777788997778899777777778899777799887777666666666666666777799997777998899887777777799887777998777777778899998866666666889977777777998866666667777889977779988555555555555555566666669988998866666666666666669999777788997778899777777778899777799887777777766666666998777777777777999977777777777766666666777777766666666777777776666666677778899777799888997777777777778899777777777777889977776666666666666669999777777777777777788998899899666666667777889977777777889977779988777
66666666777799887777998877777777777777779987777777799888899998877778899666666666666666777777778899889977778899777788997777777777788997777889966666666998877779988777766666668899777777779988555555555555555566666667777777766666666666666668899777777777779988777788997777777777779988889966666666889889999999988998877777777998866666666999977766666666998877776666666699887777777777788998899998877777777777777779988777788996666666666666667777777777778899998877779988777666666669988998877779988889977777777777
66666666889977776666666699889999998888996666666998877778899889977778899666666666666666889977776666666699887777666666667777889998877779988777766666666999977776666666677788997777998899889988889999888899777799887776666666688997777666666667777998866666666666666666666666889999996666666666666666889998866666666777799886666666699887777666666688999999998877779988889977779988889977777778899998888996666666666666666666666668898899777799886666666699889988889977776666666777799887777889966666666666666666666666
99887777777799886666666688997777666666667779988666666667777998877779988777777778899777777777777777777777778899777777779988777666666667777889966666666889977777777777766666666666666699889999998877778899777777778999988999999889988777777779988777799997779988777799887777666666669988777777779988777998888999999777777777777889999887777777798888998899777788997777998899887777666666677777777998877777777998877779988889977777777777999977778899777777777777666666667777777999977776666666677777777777799887777777
77777777889988996666666677779988666666668898899666666667777777777777777777799888899777889977778899777788997777889977777777777666666667777889966666666777799999988998866666666666666688997777777777777777777788997777777998899887777998877779988889999889987777777799887777666666667777998888997777998777777777777777788999988777788999999889998888997777777777777777777788997777666666688999988889977777777777788997777777777777779988998877777777777788997777666666667777988777777776666666699997777777777779988998
77778899777788996666666677779988666666668897777666666668899998888997777777788998899777889977776666666699887777998877779999777999977776666666666666666666666668899889966666669988777766666666889977779999998888997776666666688997777889999886666666666666666666666677778899666666668899777788997777999889977779988889977777777889966666666998877766666666777799886666666688997777998877766666666999999886666666666666666998877779987777889988998899777766666666666666666666666999977776666666666666666777799889988777
77777777777788997777777777777777777777777779988666666667777998877777777666666667777777998877776666666677779988999977778899889666666666666666677777777777777779988998899877777777777788999988777777777777889977778996666666677777777777799889988998866666666666666677777777777799889988889977777777666666677777777777777777777889977777777666666677778899666666667777777777777777998877799997777998877777777889999889999666666667777777777777777777777777778899998877779999777777788997777998877778899777788998899777
77778899889977777777998899887777998899887777777666666669999777777779988666666669988777998877776666666677779988777777777777777666666666666666677778899998877777777889999977777777998877777777777799997777777777777776666666688997777889977779999777766666666666666677779988777799887777777799887777666666699887777998877777777998899887777666666699888899666666669988889977778899777777788997777777777779988777777777777666666669987777889999998899777777777777998877779999777777788999988777777777777777777777777777
77777777998877778899777766666666777788997778899889977779988998877777777998877777777777777799888899777799887777998877777777777889977777777998899889988666666666666666699877777777998877777777998877777777889977777777777777799887777889977777777998888999987777889977777777777788997777777777777777998889999888899777777776666666677778899998898877778899998899886666666677778899777777788997777666666667777777799887777777777779988899998899887777998877779999998877777777899889999996666666699887777777777779988777
88997777777777779988998866666666777788999988899777788999988777777778899777799888899899998877777777777777779988777777777777998777777777777998877778899666666666666666677799887777777788998899777788998899889977779889999998888999988889988998899777777777777777777788999988998877777777998899887777777889977778899998899886666666677779988998877788997777777777776666666677777777889988977779988666666669988998877778899889999887777777777777777777777788998899889977778899988777777776666666677777777777799887777889
66666666666666669988777788997777777788996666666889988998899777766666666777788998899899666666668899777788999988889977776666666998877776666666699887777666666669988999966666669999999988997777998888997777998888997776666666699887777666666666666666666666666666666677778899889999887777889977778899998998877779999998899998899889999887777666666666666666998877776666666666666666777788966666666666666668899777777778899998899886666666889988997777998899889988666666667777899666666668899889966666666666666666666666
77779988777788997777998877779999777799887779988889977776666666688997777889977779988777777777779988777766666666666666669988777777788998899777788997777998877777777998877799887777889977779988666666669988777788997777777998866666666666666669988777777779987777777777779988666666667777998899997777777999999887777998888997777998877777777889977766666666777777776666666688998899777799877779988666666668899777777777777889977776666666777777777777999999887777998877777777777666666666666666677777777998877777777998
77777777889977777777777799997777999999887778899777799886666666688997777777788997777777889977777777998866666666666666667777889998877778899777777778899999977777777777777799997777777777777777666666668899777777779887777777766666666666666667777999988997777777998888998899666666667777777777779988777777777777777777777779999889977779988777777766666666777799886666666677777777777777799888899666666668899889977778899889977776666666889977777777777788997777777777778899777666666666666666677779988777788999988777
88997777777799889988777766666666666666667779999666666668899998866666666777799888899899889977777777998866666666666666667777889666666666666666677779988666666668899777777788996666666666666666998877776666666688997777777889988998899666666666666666666666667777889966666666666666667777889966666666666666699888899777799886666666666666666666666688999988889977776666666699999988998877777779988999977777777999977778899666666666666666666666666666666666666666998888996666666889988997777999999887777777788996666666
77778899777799887777777777777777998877778897777777799997777999977778899889977777777899777777777777777799887777777777777777777666666667777998866666666777777778899777777777779988777777777777777799889988777766666667777998877779988998877777777777788997777777889988997777777788998899889977777777889777777777777777788997777777788997777777777766666666777777777777777799887777999999866666666777777777777889977779999777799889987777998877777777889977779999777788997777777666666666666666677777777777777776666666
77777777777777777777889977778899777777777777777777788998899777788997777889977777777777777799888899777777779988889977778899777666666667777777766666666777799887777889977788997777889988999988777777777777777766666667777889977777777777777779999998899887777777889999997777998877777777889977778899889998899888899777777777777889977778899777798866666666777788999988998877777777777777766666666777788997777998877777777777777777777777777777777777777777777777777777779999777666666666666666699887777998877776666666
88997777666666666666666666666666666666666666666666666669988889977779988666666666666666999999887777889966666666666666666666666666666666666666666666666998877778899998877799889988777799887777998877779999777777778999988777766666666666666666666666688997777777889977779988777788996666666666666666998777766666666889977777777889999887777889977766666666998888997777889988997777998899899887777889988996666666699889988998877779997777889999887777889999887777666666667777899999999887777998899887777666666666666666
77779988998877779988777777777777889988997778899777777777777777799887777777788999988777666666666666666677777777889999888899777777777779988777799887777666666667777777777777776666666688999988666666666666666677777779999889977777777999999886666666699887777777777766666666666666667777777799888899777998866666666666666667777889977779988889998877778899666666667777777777777777777799888998899666666667777889977777777777799887779988998877777777777766666666777799888899777999977778899777777778899777777776666666
77779988998877778899777788997777999977777777777998877777777998877777777777799997777777666666666666666688997777777777777777777777799887777889977777777666666669988777777799886666666677777777666666666666666699887779988999999887777777777776666666677777779999998866666666666666668899889977777777777998866666666666666669988777777777777889977777778899666666667777889977779988777777777777777666666667777777799888899777777778898899777777777777999966666666777777779988777777777778899777788997777777788996666666
99887777998877776666666666666666777799886666666999977778899889966666666666666668899777777788997777998899887777998877777777889998877776666666688997777666666666666666677788997777998877778899666666669988777777778999999999966666666666666668899777777779988899777777779988889999887777889977779988666666666666666777788996666666677778899666666666666666666666666666666688999988998877788997777666666668899777788999999998899996666666889977778899777766666666998877776666666666666666666666666666666777799996666666
88997777666666669999777766666666777777776666666777788997777777777777777777777776666666777777779988777777778899889977777777998777788997777777799888899777788999988777766666668899998877779988998899889988777766666667777999999887777889977778899777799889987777889988997777998899888899777777777777777777788997777777777778899777777779999666666699887777777777779988998866666666777799866666666777777777777777777777777889999996666666777799886666666677777777777799996666666666666667777889977777777777777777777777
88999988666666669988998866666666889999886666666777799889988777777779988777788996666666777799887777889977777777777788997777777777777777777999977777777777788999988999966666667777777777778899998899887777777766666667777889977777777889999887777889977777777777998888997777777777779999777799887777889777799889988889977777777777777778899666666688998899889977777777777766666666999977766666666998877777777889999887777889977776666666998899996666666688997777777799886666666666666667777777799889988889977779988777
77777777777799888899998866666666998899887777777777777777777889999887777777777778899777998899886666666699888899666666667777777777777777777777777778899999977778899777799877777777777777777777998899887777999977777778899998877779988999977777777889988997777777889966666666998877779999777799887777777998877777777889977779988777788997777998898899997777777788997777777766666666777777788999988777777778899777777779988666666667777777889977776666666677777777777788997777899777777778899777777779988777777777777998
88997777998877777777777766666666777777778897777889988998899777777777777998899998899777889999886666666699887777666666669988777777788998899998877777777777777777777777777799887777998888998899998888997777777799888997777777777779988777777779988777777777777777777766666666889977777777777777777777777889977778899777788997777777777779999889977777777777889977777777889966666666889977777778899998877778899777777777777666666667778899998877776666666677779988777788998899777777799887777777777777777777799887777777
66666666666666666666666699887777666666666666666998877777777889966666666998877779988777777799886666666688998899666666667777998666666669988777766666666998877777777999977799886666666666666666666666666666666677778998899777788998899777788996666666666666666666666666666666998877778899889977779988998777799887777777799886666666699887777666666666666666666666666666666666666666666666699997777889977776666666666666666666666666666666666666666666666699998899777799887777899889999886666666666666666666666666666666
66666666777799889988999988997777998899886666666777799886666666699888899889988997777899998877778899998888998899777777777777998777788997777777777779999777777777777777799877779988777777777777777777777777777777779887777999966666666777777779999777799887779988777766666666666666668899999988997777998777777779988889999887777998866666666998889988998899777777779999777777777777777799888997777777777777777998877779988889977777777777777777779999777766666666777799886666666777777777777777799888899777777778899777
66666666998877778899998888997777777777776666666998888996666666677779999889999887777777777777777777777777777777998877777777777889977778899777777777777777799887777998899988997777889977779988777788999988998877777779988889966666666777799887777777788997777777777766666666666666667777777777777777777998899887777777777777777999966666666777777799887777777799999988998888997777777777799887777777799888899777799887777777788997779988777799889999889966666666777777776666666777788997777999988997777777788997777998
66666666998888996666666666666666666666666666666889977776666666677779988998877778899777666666667777889977778899998899886666666998899886666666666666666777799996666666666666666666666699999988666666668899777799887776666666666666666999999997777889966666669988889999887777666666666666666677779999666666666666666666666667777889966666666777789966666666666666666666666666666666998877766666666998899887777889977778899998888996666666777799888899777766666666777799887777899998888998899777766666666777799889988998
77779988666666666666666699888899777799887779988666666666666666699889988889977776666666777799887777777777779988666666666666666777799887777889977777777777777779988777777788996666666666666666777777777777777788997777777889988997777666666668899777777777777777777788999988998877777777777799887777777998877777777998888997777777788997777777777766666666777799889988889977778899666666699889999998877779988777799887777666666667778899777788998899889966666666998877779988988777799887777777777779988777799888899998
77777777666666666666666677779988777788999989988666666666666666677777777777799886666666889977779988999999887777666666666666666777777777777777788999988998877778899777788977776666666666666666777788998899889977777779988777777778899666666668899777788997779999777799889988777777777777998899887777777889977778899889977778899889977777777998877766666666998899887777777777778899666666677777777777799887777777799887777666666667777777889977777777777766666666998877777777999777777778899777777777777777788997777777
66666666999988996666666688998899889977779989988777799889988777766666666777799886666666666666667777998899888899889977779999999777799886666666677778899777799998899889966666668899889966666666666666666666666666666667777998877779999998888999988998866666668899777799888899889977778899777788997777666666666666666998888997777889999888899666666688999988777799886666666699887777998877766666666889977779988999966666666666666666666666777788999988998866666666666666668899777666666666666666699887777666666666666666
77779988666666667777777777777777777777776666666889977776666666699888899666666667777777777799888899998899887777666666666666666889988997777889988999988777777777777889977777777777889977779988777777779999777777777777777777777779988666666669988777777777776666666699887777889988997777777799889999777998866666666777777777777777777778899889977788997777889977778899998866666666998877766666666777799887777777777777777777788996666666666666668899998877777777777777778899777777799998899777766666666777777777777998
77777777666666668899777788998899777788996666666777777776666666677779999666666667777899777788997777777777778899666666666666666889999887777777788999988777799887777889999899997777777777778899777788998899777777778999999777799998899666666667777777799997776666666677777777777799887777889977777777777777766666666998899887777889977777777889977777777777777799997777777766666666998877766666666777777777777999999887777999977776666666666666667777777788997777777788998899777777777777777998866666666777788997777777
66666666777788996666666688998899666666667777777777788998899889988998899889988996666666777799887777889999889999777788996666666777777777777889977779988889999997777999977777777777777777779988666666667777777788997777777777777777777777777777777777777777779988777777778899999999887777777788999988777889966666666777788996666666677779988998877777779988889977776666666677779999889977788997777777777776666666666666666998877779987777777799888899998899887777777777778899777777788998899777777778899666666666666666
66666666777777776666666677777777666666667778899777788997777777777777777777777776666666777777779988889977778899889977776666666998899887777777788997777777777777777777777799887777998877777777666666669988777777777777777889977779999999999889988777777778897777889988997777998877777777889977778899777998866666666777777776666666699888899777798877777777777777776666666677777777777777788997777777788996666666666666666777777777777777777777778899777777777777889977777777777777799887777998877778899666666666666666
99887777777799996666666688997777666666667779988889977776666666677779988889988996666666889977777777889977779988998877779988777666666666666666688997777666666666666666699877778899777766666666666666668899777799997779988777777778899889977779988777777778898899777777779988666666666666666666666666666666666666666666666666666666666666666666666688998899998877779988889999887777889977777779988666666668899889966666666777799886666666889988996666666677779988998877779988777777799886666666677778899666666669988777
66666666889977779988777777777777889999887777777666666669988777777777777889977776666666777788997777777766666666889977777777889889977776666666666666666666666669988777799888999999777777777777777799888899777777777778899777766666666777777776666666699887779988999977778899889988996666666677779988998777777779988889977777777777799887777998899988997777666666668899998899887777777777777778899777788997777777777778899777799888898899998888997777777777779988889977779988777777799999988777777777777999988998899777
66666666777777777777777777778899777777777778899666666668899777777778899777799886666666889999999988777766666666777777777777777777777776666666666666666666666668899777777777777777777788997777777777778899889988997777777889966666666998877776666666677777779988777788997777999977776666666677778899889998877777777777799888899777799888899777777777779988666666669999777777778899998877777778899777777778899777777777777777799887777777777788999988998877777777777777777777777777788997777777788999988777777777777998
66666666889977777777889966666666666666669987777998888997777998899887777777799886666666999988999988777766666666889977777777998777799998899777777778899777799886666666677799886666666699887777999977776666666688999887777998899887777777799888899777766666669988999966666666998899888899999999887777666666688999988666666666666666699887777666666699887777666666667777999977779988666666699888899666666667777998899888899777799887779988666666667777889966666666998877776666666666666666666666677779988666666669988777
77777777777799999988777777779988777777777778899777788996666666677777777998877779999777777788997777889999887777777799889988777889977777777777799887777998899887777998899877777777777777777777777788999988998866666667777777777778899998877778899777777777779988777788998899998888997777998877779988998999977777777998877777777999977777777777777799887777889988997777777777777777998877777777777777777776666666677778899666666667778899666666667777889999887777777788997777988889977777777889977777777777777777777998
77779988777777777777777777777777999977777777777889977776666666677778899777777779988777777777777777777777777777777777777777777777788999988998899889988777788997777889999877777777998899887777998877777777777766666667777889977777777777777777777998899887777777777799887777998877777777998877779999777777777779999998899887777999988997777889977777779988777799888899777799887777777777788999988777788996666666677778899666666667777777666666667777998899997777777777778899777777777777777998877779988999977777777777
66666666777788996666666677779988777788997779988777788996666666666666666889977776666666777788999999998877779988777788999988777666666667777889966666666998877779999777766666668899998866666666666666667777998866666666666666699887777777799889988998899887776666666677778899998899886666666666666666998777788997777889999889988777788998899666666666666666666666666666666666666666998877799889999998877777777998888997777666666666666666998877778899777766666666777788996666666666666666666666688997777666666666666666
99888899889977777777889988998899666666666666666777777777777777777777777998877776666666777777778899777777778899998888997777998998888998899777788997777777777779988777777788998899777777779988889977776666666677777776666666677778899889999998899998866666667777998877777777777777777777998866666666998999977778899666666666666666677777777777789977777777777777777777777788997777666666666666666999999997777777777777777889999887777777666666667777777799889999889977777777777777777777777777799887777777777778899998
77777777777788997777889977777777666666666666666777788997777889977778899777788996666666889977777777777777777777777777777777777889977777777777777777777777799887777777777777779988777777777777777777776666666688997776666666677777777889988999988889966666667777777788997777777788999988777766666666777889977777777666666666666666677779988889977799889988777788999988777777777777666666666666666998877778899998899887777777777777778899666666668899777799888899777777778899777777799999988777777777777889977777777889
77778899666666666666666699887777998899886666666889977779999777766666666998877776666666889988999999889977778899998877777777889666666666666666666666666998899887777889966666666666666688999999998877779999889988997777777889977779988889999887777889966666667777999999888899666666666666666699889988666666699887777666666669988889966666666666666666666666777799886666666699997777889977766666666666666666666666666666666889977776666666777788997777998866666666777788999999777666666666666666688997777998899998899777
