88997777777777777777889999997777666666667777777777788996666666666666666777777779988899777788997777777799889988666666667777777777777776666666688999988777777777777889977799889988889977779999998877777777777777777777777777777777777998877778899777799887777777889977777777777799887777777799887777777777766666666998877777777998877779999666666699889988777788997777777799997777666666677777777998888997777998899887777889988998897777777777779988777777778899777799889999988777799888899777799887777998899888899998
77777777777799887777777799888899666666667778899777777776666666666666666998877779999777777777777777889999887777666666669999777777788996666666677779988998877779988998877777777777777777778899777777777777998888999888899889977779988998888997777777777777777777777799888899777777777777998888997777777998866666666777799889988777777777777666666677777777777777779999998899888899666666699887777777799887777998877779999777799997777777889988998899889988997777889977779988988777777779999889999887777777777777777777
77779988777777776666666688997777777777777779988777777779988777777777777666666669988777998888997777889977779988666666667777777889999887777889988998899998877779988777777777779988777777779988777788997777999988997777777889966666666889999886666666666666667777777777779988666666666666666699887777777998877777777777777777777777777777777666666677779988998877777777889966666666777777777777777998877777777777799889999666666666666666777799887777998877777777777777778899777777799888899777788997777889999889988777
77778899777799886666666677777777777799997778899889999887777777777779988666666667777999777777778899777799887777666666669988889777799999988889977779999889977777777889999877779999999977777777777777779988998877777778899777766666666777799886666666666666667777889977777777666666666666666688997777777777788997777777799887777889999997777666666677777777998877777777777766666666889988977778899777777777777999988998899666666666666666999977777777777777779999777799887777777777777777777777799887777777777779999777
77778899998877779988889966666666889977776666666998877776666666699997777777788996666666777799996666666666666666666666666666666777799887777889977779999889977779988889999877779988777766666666666666668899777777779887777889977778899666666668899777766666667777889966666666998877778899777766666666998998899889988666666669988777766666666666666666666666889977776666666688997777666666688997777999977776666666666666666666666669987777666666667777998877779988666666666666666666666668899777799888899889977776666666
77777777889977777777777777778899777788996666666777799889988998866666666666666669999777777799996666666699998899998877776666666998888997777889999888899889988996666666677777776666666677777777777777777777777788997779988889977777777889999999988777799997777777889977777777889977778899777777777777666666666666666998877779999777777778899666666699998899777777777777777766666666777799899887777998877779988777777779988777777777778899777777776666666699887777666666668899777998877779988777777778899889999889988777
99887777777777779988777788997777777777776666666777777777777777766666666666666667777899889977776666666688999988777777776666666777788999988777788997777998877776666666699877776666666688997777889999888899998877777777777777799889999998877777777998877777778899999977778899999999887777777777778899666666666666666777799887777889988997777666666688997777998877778899777766666666998877777777777777777777777777777778899889999889987777777788996666666688997777666666669999777998877778899889988997777998877779999777
66666666777788999988777777779999666666666666666998888997777889977779999998899889988777777799999988777766666666889977778899777777799886666666666666666998877778899998899877776666666666666666666666667777998866666666666666688997777777799996666666688999989999777777778899666666669988998899889988777889966666666998888996666666666666666999989966666666666666666666666688997777666666666666666889977776666666666666666777799887779999666666667777998866666666998877779988777777788996666666688998899777799886666666
66666666889977777777777788998899998877777778899777788996666666677778899889977778899777999977777777998866666666777777778899777666666667777777777777777777788997777889977777776666666699887777998899996666666699887779988777777777777666666667777889988999989999777777779988777799889999889966666666998777799887777999999887777889977777777777777799887777666666667777998877779988998888966666666666666667777889988997777666666667778899889977777777777799889988666666667777899777777779988777799887777889977778899777
66666666998877777777889977777777998877777777777777777776666666677777777777777777777999777777777777777766666666889977777777777666666668899777799887777999977779988777799877776666666677777777998877776666666677777779988889999997777666666669999998877777777777889977777777998877779999998866666666777777777777777777777777777777777778899889977799997777666666667777889999888899998877766666666666666667777999977778899666666669987777777777777777998877777777666666667777988777799887777777777777777777777777777998
66666666777799886666666688997777666666666666666889977777777889999888899666666666666666889988998899777777778899777788996666666889977779988999966666666666666668899777766666666666666699887777777799886666666677779889988777766666666777788998899889988997777777998866666666889999887777998899997777666666666666666777788999988777799887777666666666666666777788998899777766666666998877766666666999988997777998899889988666666666666666666666666666666688998899666666668899777998877776666666677778899777799886666666
88997777777777776666666666666666998877777777777777788999999777788999988777788997777899998877777777777777779988777777776666666777788998899777799887777777799887777889999877776666666699888899777777776666666666666668899777788997777998877778899777777777777777889999997777777777777777777766666666777777777777777998877776666666677777777777789977778899666666669999777799998899777799899887777777788999999998877777777889977779988899777799889988777799887777889999887777777777777777777777766666666889988996666666
77777777889977776666666666666666777777779987777998899887777777799997777999977778899777777788997777889977777777889977776666666777777777777777777777777889977777777777788977776666666688997777889977776666666666666667777777799888899889977777777777777778897777777777778899889999999999777766666666777998877778899889977776666666699889988889977777779988666666668899777777777777777788977777777777777777777998899997777777777777777777777777779999777777777777777777778899777889977777777998866666666777777776666666
66666666998877778899777799887777998877777777777777788997777999977779999889999997777777999977779999777799887777666666666666666889977776666666677779988777788997777777777777777777777766666666998877779988777777779999988998866666666777777777777998877778899988998899888899777799999988777799887777777777766666666777777776666666688997777998889966666666666666669988777799887777666666677778899777788999988777766666666666666666666666777777777777777777777777666666667777899777777779988777777779999889988997777889
66666666777777778899777799889999777799889987777889977778899777788997777889977778899777777777777777889999889988666666666666666777777776666666677779988889977778899777799899889988777766666666777777777777777799887778899777766666666777799997777889988999987777777777777777889977777777777788997777777889966666666889999886666666677777777889977766666666666666667777777799887777666666677778899998877777777777766666666666666666666666777799889988777788999988666666667777777777788997777998877777777889977777777777
88997777666666666666666666666666666666666666666666666669988998866666666666666666666666777788998899889988997777777788996666666666666667777889977779988666666668899889966666666666666699888899666666667777889977778997777998877779988666666666666666699997777777889966666666777799886666666666666666998777788997777999977776666666666666666777789966666666889988998899777788998899666666699887777666666666666666666666666777788996666666777788997777999988998899999977776666666998877777777889977779988666666666666666
99887777777799889988777777777777889977779989999777788997777998877779988666666666666666777777779988777777777777777799887777777998877779988998877777777777777776666666677777779988998866666666777788998899777766666666666666677777777777799887777889999887776666666666666666889999887777777788997777777998877777777889988997777777799887777555555555555555777777776666666666666666777777766666666777799997777777788997777777777777779988889977777777777766666666998877777777899889977778899777777777777666666667777998
77777777777777777777998888997777998877777779988777777779999777777777777666666666666666889977777777777799887777777777779999777777777777777998877779988777788996666666677799997777777766666666777777777777889966666666666666677779999777799888899777777777776666666666666666777777777777998877777777777777788997777777799889999777777777777555555555555555777799886666666666666666998877766666666777777779988777777777777998888997779988777788998899777766666666777777778899999777777778899998877778899666666667777889
99888899666666668899777788998899666666666666666998888996666666666666666666666667777899999977778899889999887777998877778899777666666669988777777778899666666667777998877799997777998866666666777788997777889988997778899777777779988889977779988777766666669988999988998899777799887777889977779988777998899888899777799887777998877779988555555555555555998888996666666666666666666666666666666889977778899777766666666666666667779999666666666666666699889988889999887777988999977777777889988997777998888996666666
77777777777799887777889988997777777777779987777777788999988777777779988666666666666666777799887777777766666666889977779999777998888997777998899887777777799887777889966666666666666666666666998899996666666699887777777998877778899777788999988889966666666666666666666666777799887777777766666666998889988997777666666669988777799889988666666677777777666666669999777777779999777777777779988998899887777889977777777998877779998899998877778899889988997777889977779988899777799888899998877778899998877777777777
88997777777777779988998899888899777799887777777777777777777777799887777666666666666666777777777777889966666666777799889988889777788997777777799887777777777779988777766666666666666666666666777799886666666677777777777777799997777777777777777777766666666666666666666666777777777777998866666666777777777777777666666667777889977777777666666699997777666666667777889977779988777799877777777889977777777777788997777777799888897777999988997777889977778899777777777777777999988997777777777779988777788998899777
77778899998888998899777766666666889977777779999889977779988998866666666666666669988899998877779988998888997777998877777777998666666666666666677779988666666666666666666666669999777788997777889977779988777788997777777998888999988998877776666666666666669988998866666666666666667777998877779988777999977779988777788996666666677778899666666666666666666666668899777777779988666666699999988666666666666666666666666998877779987777889977776666666677778899666666667777899666666667777889966666666666666666666666
77777777777788997777777777777777777788997777777777777778899777799887777777788999988777998899889988777777778899777777776666666777777777777998877777777777788996666666699888996666666699889988889988997777889999887776666666677779988777799887777777766666667777998899888899666666668899777799889988666666677777777666666666666666677777777889998866666666777777777777777799887777777799877779988777777777777998877777777889977776666666998877779988998899997777998877777777777777788997777889988999988999988997777999
88997777777777778899777777779988889988998898899889999997777777777777777777777777777777998877777777777788997777889977776666666998877777777777777779988777788996666666677799886666666677777777999988998899998888998996666666677777777777777777777999966666667777777777777777666666667777998877777777666666688997777666666666666666677778899889977766666666889977777777889988999988777777777779988777799887777777799887777777777776666666889977778899998877777777777777777777899777777779988777799887777777799889999777
66666666889977779988777788997777777788996666666777799888899777766666666666666669988777666666667777999966666666666666666666666666666667777889977778899777788999999777799888997777998877779988998877776666666699888996666666699888899998877779988889966666666666666666666666666666669988777777779988998998866666666999977776666666677779988666666688997777666666666666666677779988999999899887777998877777777998877778899666666667779988998888996666666688997777666666669988899998877776666666688997777666666666666666
66666666889999887777998877777777998877779987777666666667777999988997777777777778899777777788996666666688999988777788999988998777788999988777777777777999977777777998866666667777889999888899777788997777889999887779988777777778899998888997777998877777777777999977778899666666669988777799889988777889988997777666666667777777777779999666666699887777889999888899998888999999777777788999988666666666666666699888899777777777779988998877779988998888997777777777779988988998888998899998866666666998888996666666
66666666777777777777777799887777777799887777777666666669988777799888899777799887777899777777776666666699887777777777777777998777777779988777788997777777777778899777766666669988777777777777777788997777998877777778899998899887777777777778899777777779989988777777779999666666668899889977779999777777777777777666666667777889977779999666666699997777777777779988777788997777998899899887777666666666666666677777777998877779989988889977777777777777777777777799887777777998877778899777766666666777799886666666
99887777998877777777777777779988777777777779988889977777777998877777777777799886666666889977777777777777779988777799887777777777777778899777777777777889977777777999966666669988777766666666998888999988777777777778899998899889988777788999988889977777776666666699887777777799887777777777778899666666666666666998877777777777799998899889977788999988777777779999777777777777777777799888899666666668899889977777777777799887778899889999887777889999887777777777777777777666666669988777788997777998877777777889
77777777777788997777998877777777889999887778899777788997777777777778899998899886666666998899889988777777779988999977778899777998877778899777777779988777777777777777766666669999777766666666777799887777777788997777777777777777777777777778899777788999986666666677777777777799888899889999887777666666666666666998877777777998877777777777777777777777889999889988889999887777777799888998899666666667777998877778899777777777777777889977777777777777778899777788999988777666666668899777777779999889988999988777
66666666666666666666666677779988889988997778899666666669999777777778899777788999988777666666667777998866666666666666666666666889977777777889999887777777799885555555555555557777889977778899889977779988777788998996666666699887777998899886666666666666666666666688997777777788997777889999997777777889977779999666666666666666688997777777798866666666777799886666666666666666889977766666666999988999999777766666666777788996666666666666669988777788997777777799998899777998877776666666666666666998877777777998
77777777777777778899889977779988889977779987777777799889988998866666666777777776666666666666667777777788997777666666667777889777777776666666666666666889999885555555555555556666666699887777777799886666666688997776666666666666666889977778899777777777778899998877777777777799887777777777778899889777799887777777799886666666677777777777777766666666777788999999777777777777777777799887777999999999999998877779988777777777777777777777778899777777779988777777778899777777788999988777788998899777788998899998
99887777777799887777777777777777777799998897777777777779999998866666666999988996666666666666667777999977778899666666667777998777799886666666666666666998899885555555555555556666666699998899777777776666666688998996666666666666666777777777777777799887777777777799887777777777777777889977777777777777799889988777799886666666699887777998877766666666777777779988777799889988998888977777777777777778899777777779988777799997779999777799887777777777779988777788997777777889999887777998877778899777799887777777
66666666777799889988998866666666998899887779988999988999988777777779999999988996666666666666669988889977778899666666666666666889988998899889966666666777799997777998866666669988777777778899666666666666666666666666666666677778899998877776666666666666668899777766666666666666669988889966666666666666699887777666666667777998866666666998877766666666666666666666666688997777666666666666666777788997777998877779988666666666666666777788996666666666666666999999886666666666666668899998888997777666666666666666
99997777777799887777889966666666666666666666666889977777777999988997777998877776666666998888999988889977778899777777777777777998899999988889966666666666666666666666677777777777777777777777889999886666666677778997777777777777777777777777777777766666668899777777779999666666667777998877778899666666677777777666666667777777777777777666666677778899889988996666666677777777777777777777777998877777777777777778899998888997777777998888999988777799997777777777777777777998899887777777777779988777799887777777
99889988777777777777998866666666666666666666666777777777777777777779988777777776666666998877778899777799887777777788998899998889977777777889966666666666666666666666699877777777889977778899777799886666666677777777777999988999988889999888899998866666667777777777778899666666667777777777779988666666699887777666666669988777777778899666666677778899777777776666666688997777889977777779988777788999999777777777777777788997778899998877777777777788999999777788999988899777777778899998877777777998877779988777
66666666666666669988889966666666666666667779988998877776666666677778899666666669988777889999996666666688997777555555555555555777799999988777777779999777799889988889977799887777998899887777666666668899777766666666666666699889988998877779988777766666668899777766666666666666667777998899887777666666677779988889977779988777766666666998889999999988889988996666666699887777666666666666666998899886666666666666666666666669997777666666669988889988997777666666668899777998877779988889966666666777788996666666
66666666777777779988777788997777889999887779988777777776666666677779988777788998899777998877779988777799997777555555555555555998877778899998877779988777777776666666666666666666666677777777889999889988998888997777777889999887777998877777777998877777777777998899887777666666667777777777779988777777788997777666666668899889999887777889977777779988998877777777777777777777998899888997777777777777777889977779988777788997777777998877776666666666666666777799887777899777777777777777777779988666666666666666
66666666998877777777889977778899777788997777777777799886666666677777777777788997777777777777777777777788997777555555555555555889977777777777777777777889988996666666666666666666666699887777777788997777889977777777777777777778899777777777777998899889997777777777777777666666669988777799889999777889988997777666666668899777799887777777777777779988889977777777998877779988777788977777777889988999988998877777777777799889998899889999886666666666666666777777778899777777799999988889977777777666666666666666
77777777666666668899777777779988666666666666666777788996666666677777777666666666666666777777778899777799888899889977776666666777799887777998899887777998877777777889977777777777777777778899889977778899777755555555555555599889988889999889988998866666669988777777777777889977776666666677777777998777777777777777799886666666699887777889977799887777777777778899998888999988666666677779988889977779988999977777777777777777778899666666667777889977777777889977779988899889988997777777788999988777777776666666
99887777666666667777777777777777666666666666666998877776666666688997777666666666666666777799887777777777777777777777776666666777777777777777777777777777777777777777777788997777889977777777998877777777777755555555555555577777777889977777777777766666667777777777779999777799996666666699999999777998877778899777799996666666677778899777789999888899777799889988777799887777666666677778899777777777777998888997777998877777777777666666667777777799997777777777778899777777799888899777788999988777788996666666
66666666666666667777998888997777889988996666666777788996666666677779988777799886666666889999886666666677779988777799886666666666666666666666677778899666666666666666699877776666666666666666777799887777998855555555555555566666666889977776666666677778896666666666666666777799886666666677778899666666666666666666666669988777777778899666666699887777666666666666666677779988999977766666666666666669988777799887777889977779987777889977776666666688998899666666666666666666666669988777788999999889977776666666
66666666777777776666666677777777777788997777777777777777777777799887777666666666666666777788997777777799889999777777776666666889988998899889988997777889977779999998877777777777777788999988777788999988889999887777777777777777777777788997777999977779987777889977779988777777779999889999887777666666677777777666666666666666677777777777777799887777998877777777777777778899998888966666666777777777777777766666666998877777778899777777778899998866666666777777777777777666666667777777766666666777777779999777
66666666889999886666666677778899777777779988899999999997777998899998899666666666666666777777777777999988998899889999996666666777777777777777788998899777799997777889999888997777889999997777777777778899999999887777777998899887777889999889999777777777777777998877777777889977777777889988998899666666677779988666666666666666699997777998899977777777777777778899777777777777777777766666666889977779988777766666666777788997777777889999998899777766666666777799999988777666666669999777766666666777799887777777
66666666666666666666666666666666998899886666666777788998899998866666666666666669988777666666666666666666666666666666669988777666666666666666666666666666666666666666699899997777999999888899777788997777889977778996666666666666666777788999988998899889988899777766666666777788997777889977778899777889966666666889977776666666677779999998877799887777889999888899999966666666777788999889999998877776666666699887777666666667778899777788999988889988997777889999888899777889977777777998899887777666666669988777
66666666666666667777889977777777998877777777777777777777777889977779988998899998899988998877779988777777779988666666669988777889999887777777788997777998877776666666677777776666666677777777777788997777777799888997777889977779988998877779988998866666669999777799997777998877777777777777777777777777777778899666666666666666666666666777777788997777889999887777777777779999777799877778899777777779988777766666666777777777777777777777778899777777777777999988997777899777777779988777777778899889977777777777
66666666666666667777998877778899998877777778899777788999988777777777777777777777777777889977777777777799887777666666667777777777777777777889977777777998877776666666699899886666666677778899998877777777998877777777777777777777777777799887777777766666668899777799887777777799887777999977778899777999977779988666666666666666666666666998877777777777777799999988777788997777777777799887777998877779988777766666666999977779997777998877777777777777778899777777777777777777788998899998877777777777777778899777
66666666889977777777998877778899666666667778899998877777777889977778899998888998899777777788998899777766666666666666667777998666666669988777777779988777788997777999966666667777889988997777889977776666666688997779988777766666666777788999988777799887779988998888997777666666666666666699887777666666688997777889999889988777777779988666666677778899777799887777998877778899777799866666666998877777777998899889988666666667779988998899888899777766666666998888996666666777788996666666666666666666666669999777
77777777666666668899777799887777666666667778899777788999988889977777777777777777777777777777777777777777779988777788997777999777777777777889988999988777788996666666677799889988777766666666777799888899998877778997777998899887777777777777777777799887778899777799888899777777777777777777778899777889977777777666666669988889977778899666666677777777998888996666666666666666777799866666666999999887777998866666666889999996666666777788998899777777777777777777775555555555555557777777799889988777799996666666
88997777666666669988998877779988666666667778899889977777777777777778899889977779999777999977777777998888997777777799888899777777788999999777777777777998899996666666688977777777777766666666777777777777777799888997777889977779999998877779988777777777777777889999889988777799888899777788997777998889977779988666666667777777788997777666666688997777777777776666666666666666777777766666666777788997777777766666666777799886666666777777779988777799887777889977775555555555555558899777777778899777777776666666
66666666777788996666666699887777666666667779988777799886666666666666666777788996666666889977776666666666666666666666666666666777788997777889966666666666666667777889966666667777998866666666777788996666666677778996666666666666666889977777777889966666669988998899889999666666666666666677778899666666677778899777788999988777766666666666666666666666666666669988777788999988998899877779988999977776666666666666666666666669987777666666666666666699888899666666665555555555555556666666677779988777799887777998
77777777889977777777777766666666998888997777777998877779988889977778899666666666666666998888999988777777778899998899886666666777799889988889977777777889977779988777777777779988777777777777777788997777998866666668899777777777777777777776666666699887779988777777777777777788997777998899888899999889966666666998877776666666699887777777777777778899777777776666666677778899777777777777777666666669999777777778899889988996666666777788997777777766666666777777777777777777777779988777777777777666666667777777
99887777889977777777998866666666777777777778899998877777777889999887777666666666666666889999887777777777777777777777776666666889988999988889977779999777777778899777777788997777889999887777777799887777998866666667777889999887777777788996666666677777779988777777779988889977777777777799889988998777766666666889977776666666677779999777798899887777777788996666666688997777777799899887777666666667777777777777777889977776666666777788997777998866666666777788998899777777799888899777788997777666666668899777
77778899777777776666666677778899666666666666666998877778899777799887777777788999988777666666667777777777777777999977777777889777788996666666677779988777777777777777777777776666666677779988666666666666666677777778899777799887777889977777777777777777776666666688998899777788999999777766666666777777799888899666666667777777777777777777789977777777777788998899889977779988666666699887777777777777777777799997777777799887778899998899997777777777777777998877779988777889977776666666699887777889988997777777
77777777998888996666666688997777666666666666666777799887777777777777777777777777777777666666667777889977778899998888997777777998877776666666677778899777788997777889988999886666666677778899666666666666666699888999988998888997777777777779999777799887776666666677777777777788998899777766666666777999988997777666666667777889988997777777777777779999777799998899889977777777666666699887777998877778899777799887777777788997777777777799887777998877778899889977777777777998877776666666677779988998877777777998
99999988666666669999777799887777666666666666666777799886666666677779988666666667777999777788997777998866666666999977779999998666666667777889988998899998877776666666666666668899777766666666666666666666666688997776666666666666666889977776666666677778896666666666666666889999886666666677778899998777766666666666666666666666699889988777789999887777666666667777998877778899666666699999988777799886666666677779988777788999987777666666666666666666666666666666666666666666666667777998888997777666666666666666
99887777666666667777998888997777889977776666666777777779988777777778899777788997777777777777777777777799999988998877777777777998877777777998877777777998877776666666677788997777777777779988999999886666666677779886666666666666666666666667777889966666666666666699997777666666666666666677779988998889977779988666666667777998866666666666666677778899777777778899777788997777666666699887777666666668899777766666666998877776666666777799886666666688997777998899887777777998877779988999966666666777799886666666
99887777666666667777998877779988777777776666666777799887777777777777777777777777777899889977779999777777777777777777777777998777777777777777788999988777788996666666677777778899889977777777777799886666666688997776666666666666666666666669988889966666666666666677779988666666666666666688997777777998899887777666666669988998866666666666666688999988889977777777777799889988666666677779988666666669988777766666666777777776666666889977776666666677777777777799888899777777799888899998866666666777777776666666
99889999889977776666666666666666666666669988899777799889988777799888899999988999988899666666669988777788998899666666666666666666666669988998866666666666666667777998888977776666666699997777889977778899889966666669988777766666666666666667777889966666669988998877779999666666669999889988997777666666666666666998899888899777766666666777789966666666777788997777998866666666666666666666666666666667777998866666666998877779987777889988996666666666666666889977779988777666666666666666666666666777788996666666
77777777777788999988998877778899889977777779988777799887777777777779988777777777777777777799887777889966666666998877778899777666666667777998888997777889977776666666699899887777777777777777777788996666666699887776666666677779988666666666666666677777777777777788997777777788997777777799997777777777788997777889977778899777788997777998877766666666666666669988998877777777666666688998899777777777777998899887777777777777777777999977777777777766666666889977777777899666666667777889977779999777799887777889
77779988777788997777777777779988889999887778899777777778899998888999988998877777777899777777777777777766666666777799997777777666666668899777777777777777777776666666699899889999777799889988777777776666666688999886666666688997777666666666666666699887778899777777778899777799889988998888997777777889977779988889977779988777777778899777789966666666666666667777777788997777666666677777777998888997777777777779988777799888897777777777777777889966666666777777779988899666666667777777799887777889977777777777
88999988889977777777998866666666666666666666666777788996666666688997777666666668899899666666666666666699887777666666666666666889977776666666688997777889977776666666688977776666666677779988666666666666666666666669988777766666666777788996666666666666666666666699887777777799999988777788998899777889966666666889977776666666699887777666666666666666666666669988998877779988999977799887777889977776666666666666666666666666666666889977776666666699887777666666666666666999988997777998888997777666666666666666
88998899998877776666666666666666777799888898899666666667777777777778899777777778899777889977778899889977779988777788998899777666666666666666699889988777799997777777766666666666666677778899777799888899889988998997777998899887777777788999988777788999988899777777779988889999888899777777777777666666677779988777777776666666688997777777777777779988889977777777889977779988999977788997777666666666666666699887777777777777779988777777777777889966666666777799887777777777777778899777777777777777799886666666
99887777889988996666666666666666889977777777777666666669988999977778899777799889988899777799887777777777779988777777779988777666666666666666688997777777777779988998866666666666666677777777777777778899777777777777777777799997777777777777777889988997779988777777777777777777779999777799888899666666699887777998877776666666677777777889999988999988998899887777777777777777777777777779988666666666666666677777777999999887777777998877779999777766666666777777778899988777799887777889988997777777799886666666
77777777777777777777777777779988777788997777777777799887777999977777777777777778899777666666666666666677777777889977777777889998877779999777777777777889977778899889977777777777777799887777777777777777777777778997777777799887777777777775555555555555558899777777777777998877778899777788997777777777788999988666666668899777799887777777777799889988777777777777777777779999777777777777777777777779999889977777777999977778898899666666669999777777779988777788997777777777799889988777777779988889977776666666
77779999777799997777889999999999889977779987777777777778899777788997777777799887777777666666666666666699888899777777779988998889999997777889999887777998877778899777788988997777998877779988889977777777889977777778899998877779988777799885555555555555557777777777779988777777778899777777779988777889977777777666666667777777777777777889977777778899777799888899777788997777889977799889988777799887777889999997777777777777778899666666668899777777779988777777779988777777788999988777777777777777777776666666
66666666889977776666666677778899666666666666666889999886666666666666666666666666666666777788996666666688997777666666668899998666666666666666688997777666666669988777766666669999998877778899666666669999777766666666666666677779988777788995555555555555556666666688998899998877776666666666666666777889966666666666666667777998877779999666666666666666666666666666666677779999889999888997777666666666666666688997777666666666666666666666669999889966666666889977776666666998877776666666688998899666666666666666
88997777889988999988777788997777666666667778899777799888899889999887777666666669988988777799999999998888997777777777777777889666666668899777777778899889977777777777766666667777777777778899889999888899777777777777777777777777777777799888899777766666667777777799888899889977777777998899997777777777766666666666666666666666699887777777777777777777889977779988777777779988889977788997777777799889988998899889999777788998898899777799887777998877778899998877777777899889977778899777777779999777777778899777
77778899777788998899777777779988666666667778899998877777777999988997777666666667777899777799887777777799889988777799887777777666666667777777777779988777777779988998866666669988777788999988998888997777777777778997777889999997777777777777777998866666667777889977777777777777777777998877777777999998866666666666666666666666699888899998877788997777998877777777777777777777998877777777777998877777777777777777777777799887779988998899887777777777777777889999888899899999977779988998877777777777788997777777
66666666999977777777998866666666998899886666666666666668899889988997777666666666666666666666666666666688997777666666666666666889977777777998866666666666666667777998877788997777998899887777666666668899777766666666666666666666666666666667777998866666666666666666666666777788999999777766666666666666677779988666666669988998866666666889998866666666666666667777999988997777777788999887777666666667777889977778899777799886666666998877776666666666666666777788996666666999988997777998877778899889977779999777
77779988777777777777999988997777777777777777777666666667777777777777777777777777777777777799886666666677777777777777779999777889977776666666677779988777777778899999977799889988777788998899999977777777777777778997777777788997777999988998899889999999987777889999887777889988997777777777779988777998866666666889988997777777766666666999977788999988998877779988998866666666889977777777777889988997777889966666666777777779987777777799889988777766666666889988996666666777799996666666677778899777777777777777
88997777777788998899777799887777999999998899988666666667777889977779988889999888899899777777776666666677779988889999889988998777777776666666677777777998877777777777799877778899777777777777777777778899889977777777777889988997777998877777777777777779988899777777777777777777779999777777777777998777766666666777777779988777766666666998889977778899889999997777777766666666777777777778899777777778899777766666666777788999999988777777777777889966666666777777776666666777777776666666677777777777799997777998
77779988666666666666666666666666777799887778899998877777777998877779988666666666666666666666666666666666666666889977778899777666666669988777766666666666666669988998866666667777889966666666777799889999889966666666666666699887777998877779988889999997776666666677779988777799996666666688997777777889966666666666666669999777766666666889977766666666666666666666666688997777889977766666666666666667777889977779988777788998897777998899887777998866666666889977779988777889977776666666699997777666666666666666
77778899999988997777889999887777998877779987777666666669988777777777777666666669999899777788997777998888997777666666669988777666666669988998866666666666666667777889977799998899998877777777777799888899777777777777777889966666666777777776666666699889989988998899888899777799886666666677778899666666677777777998877777777889966666666777777777778899777777776666666677777777777777766666666777777776666666677777777998877776666666999977777777777799887777777788998899988777788997777889988997777889999996666666
77777777998877779988777799889988777799887777777666666667777777799887777666666667777777889977777777889977777777666666667777889666666667777889966666666666666667777777777799887777889988997777889977778899777788997777777999966666666777788996666666677777778899998877779988777777776666666677779988666666677778899889977777777777766666666998877777779999998877776666666688997777777799866666666777799886666666688997777777777776666666777777778899998877777777777788999988777777788997777889999887777777777776666666
77778899777788999988777799887777666666666666666777788997777998866666666666666666666666666666666666666699889988666666666666666777788999988998888997777777788999988777777788998899777788997777777799886666666688997777777889988998899666666669999777766666666666666666666666889999886666666688997777666666666666666889977776666666666666666666666666666666666666667777889966666666998899866666666666666666666666677779988666666666666666998877778899777766666666777788999988899998877776666666688997777666666669988777
66666666777777778899777799997777889977777777777777788998899889988997777889988996666666666666666666666699887777999977779988777777777779999777766666666666666667777777777777777777999977778899998888997777777799887779988777777777777777777777777777777779988899998877779988777777779988998888997777666666677779988777777779988777788997777777777799887777998877777777777799888899998899877779988889977777777998877777777777799889987777777777777777777799889999777777777777777777788997777777788997777777799887777889
66666666998877777777777799887777777788997779988777788997777889977777777889977776666666666666666666666677779988998877778899777998888997777777766666666666666669988998877788997777889988997777998899889988777799888997777777777778899777788999988889977777779988777777778899998877777777999977777777666666677777777889977777777998877777777889989988999988889977777777889977779988777799899888899889988997777998877779988777777779989988998877777777999999887777999999888899777777799887777889977777777777777777777777
77778899777777778899998866666666777788997778899777799886666666699887777889977777777777666666668899777766666666777788997777998666666669999777777777777998899887777889977799998899999977777777777777777777777777777776666666677777777889977777777889999887777777777777779988666666669988889999887777998998877777777889977776666666666666666666666677778899777799886666666677777777666666699887777666666667777998888997777889977778898899777777779988998877777777777788997777899777777777777998877777777777777777777998
77777777777788997777999966666666998877777777777777777776666666688998899999977779988777666666667777777766666666998877777777777666666668899889977778899889977777777777777777777777777799887777889977779988777799887776666666699887777777777777777777788997777777889977778899666666669988777777779999998777788997777777799886666666666666666666666677777777777777776666666688997777666666677777777666666667777777777777777777777777777777998877777777998899889988998877778899988777788997777777799887777889977777777889
66666666666666668899777766666666777788999988899777799886666666688997777666666667777899889988999988889988997777666666666666666666666666666666688997777889977776666666699888996666666666666666666666669999777788997778899889977779988666666666666666699887776666666677778899666666667777998877779988666666699887777999977777777998888997777889999966666666889999887777998888998899889977766666666889977779988777766666666666666666666666777799888899889966666666999988996666666666666666666666666666666666666666666666
99888899777799888899777799887777777799887778899998877777777777788997777998899887777777777777776666666677777777889977776666666777777777777889977777777777777779988777766666669988777777778899998877778899777766666667777998888997777777799887777777777777777777889977777777666666668899998899887777998777777778899777788999988777766666666777777799887777777788998899777799887777998877799887777889988997777777777778899777788997778899998888997777889966666666889988998899777777777779999999999998899777777777777998
77778899777788997777777799887777777799887779999777788999988777788999988777777779999777889977776666666677778899777777776666666777788999988777799888899777799889988889966666667777889977777777777777778899777766666667777777777778899777777779988889999887779999777777778899666666667777777777777777998777777779988777777777777777766666666998877777777777777788997777777777777777777777777777777777799998899777777777777777777777777777889977778899777766666666777788997777777777799887777777799997777777788997777777
99887777666666666666666666666666777799888897777666666669988777766666666777788997777988666666667777889988999988889977777777998777799887777889999888899998877776666666666666666666666699997777889988996666666699887777777998877779988777788996666666666666666666666677778899777799889999889977779988889998899887777889999886666666666666666666666666666666998899886666666677778899666666699997777998877776666666666666666777799886666666666666666666666666666666666666666666666666666669988889999887777666666666666666
77779988777788997777777777778899777777779988899777788998899777799999988889988997777988666666666666666666666666777777777777777777777779988777766666666777799886666666677788996666666677779988777777779988998888997776666666677779988666666667777777777777778899777777777777777799887777999966666666777889988997777666666667777999977779999777777766666666889977777777889966666666666666699887777777788997777777788998899777777777778899777777776666666677778899777788998899777889988998899998866666666777788996666666
77777777777777777777998877779988777799889987777889977777777998888999988889977777777899666666666666666666666666889977777777889777799888899777766666666889988996666666677777776666666677777777889977777777777788997776666666677777777666666669988777777779988899777799997777777799887777777766666666889889999888899666666667777889977777777889989966666666777799887777777766666666666666699887777777788997777998899888899998877778897777777799886666666677777777998888998899988998877777777998866666666777777776666666
66666666889977776666666677779988777799997778899666666666666666666666666777799886666666666666666666666677779988666666669988998889977776666666677779988889977777777889977788997777999977779988777799888899889988997776666666688997777666666666666666666666666666666677778899998877776666666688997777666666666666666999977776666666677779999998877766666666666666669988777777778899666666666666666777799886666666666666666666666669987777998877777777998866666666889977776666666889977777777999966666666666666666666666
77778899666666669988777799998899998877777777777777788999988777766666666777788997777777666666666666666677778899998877777777777777777777777777799887777889977779988777777777777777777766666666777777777777777777779887777777777777777889988999988777777779987777777766666666777799886666666699889988998998877779988666666667777889977778899777798877777777777799996666666666666666998899877777777666666667777998877778899666666666666666666666667777777777779988889977776666666889999887777889999887777889977777777777
77778899666666667777777799889988999977777779988777777779999777766666666777788999988777666666666666666699889999889999889999777889988997777889988998899889977777777777777799888899998866666666777799997777998877777778899777799887777998877777777777777779989988777766666666777777776666666688997777777998899888899666666667777889977777777889977799888899777777776666666666666666777777777779988666666667777889977777777666666666666666666666668899889977778899889999996666666777777777777777788997777889988998899777
55555555555555557777777799887777777788999989988777799889988777788997777666666666666666666666669988777799887777777788996666666999988997777889977779988777788997777998866666667777777799887777889999886666666677777778899777799997777666666667777889988997777777889977779988999988996666666666666666777777766666666999977779988777777777777777777777779988998888996666666688999988666666699887777777777777777889966666666998877776666666666666669988777777777777777777779988777777777777777998888997777777777776666666
55555555555555558899998899888899777777777777777777788997777777799998899666666666666666666666667777777788997777777777776666666777777777777777777777777777799887777889966666668899777777777777889977776666666677778997777777788997777666666667777777788997777777777777777777777777776666666666666666889777766666666777788998899777799887777889998899997777998888996666666699889988666666699887777777799888899777766666666777788996666666666666667777777788997777998899889988988777788997777777777777777889988996666666
55555555555555556666666688997777666666666666666666666666666666699887777998877778899899777799886666666688997777666666667777999666666668899777788997777889977777777889966666666666666666666666998899888899777799887776666666688999988998877776666666666666667777889988997777889977777777889988997777777998877778899998877779988889999887777889977777779988666666666666666677779988666666666666666889999889999777777779988666666666666666666666666666666666666666999999886666666666666667777889977779988666666668899777
66666666777788998899777799889988998877776666666998888996666666666666666889977776666666889988997777998888997777777788997777777889977777777777788999988998877777777998877799889988777777778899889977777777777777779889999998877777777889977775555555555555559988777799888899777777776666666666666666777777777778899777799887777777799888899777799966666666889977777777777799999999777788977778899998877779988777788997777777799999989999666666667777998877777777998877777777988999999886666666677777777777777777777777
66666666999999889988777777777777777777776666666777777776666666666666666777777776666666777777779988777777779988777799887777998777777777777889988997777999988997777998877777779988777777777777777799887777998888998998899777788997777777777775555555555555557777777799887777998888996666666666666666998777777777777777777777777889977777777777777766666666889999889988777777777777889999877777777889977777777777777777777777777777779988666666667777777777779988777777777777777889999886666666688997777777788998899777
99997777666666666666666666666666666666666666666889999889988777766666666999977776666666666666666666666666666666889977776666666666666666666666688997777998877776666666677799886666666666666666889988999988777766666667777998899888899777788995555555555555556666666688997777998877779988777799887777666666699889988666666669988889977779988666666666666666666666666666666688998899999977777779988666666669988998877779988777788997778899666666667777889977779988889977776666666666666666666666666666666998888997777999
77777777998899887777998877779988998899888897777889977777777998877777777889977778899777889977777777998866666666777777779988998777788998899998877777777666666668899889977799887777777777778899999977778899777799887776666666688998899998877777777889988998897777889966666666777799886666666677779988998998899887777889988997777889988997777777777799889999666666667777998866666666777799866666666998899887777777799997777777799887777777666666667777777777778899777777777777988777799887777777777779988777777776666666
99889988777777779999777777777777999977777777777777777777777998877779988777799887777988777777777777998866666666998877777777998998877777777777777779988666666667777777777777779988777788999999777799887777777777777776666666699997777777777777777777777777777777777766666666889999886666666677777777777777777777777777777777777999999887777998877777777777666666667777777766666666889977766666666777799887777998877778899999977777779988666666669999777788997777998877777777899777799998899777799997777889999996666666
77779988889977778899999988998899998899886666666777788996666666677778899998877778899777777799996666666699887777666666666666666666666668899889977778899666666667777998866666669988998877778899889977777777999966666666666666677779988666666666666666666666667777998877778899777788996666666677779988666666677779988666666669988999966666666666666666666666777788996666666699888899666666677779988998899889999777777779988889988998897777666666667777889988997777666666666666666889977777777889999887777998877776666666
66666666777777778899998899889999666666667777777998888999999998866666666889999887777777998877777777999999887777999988997777889666666666666666677777777889977776666666677777778899777788997777777777778899777777778997777777799888899998877777777777799889989988998877778899666666666666666699888899666666688997777777788998899777777778899666666677777777889977778899998877779988666666677779988666666667777889966666666777777779997777777777776666666688997777777788995555555555555559988777777777777998888999988777
66666666777788999988777777777777666666669988899777788997777777766666666777777778899777777777778899777777778899777799888899777666666666666666677779988889977776666666677799999988777799888899889977777777889977777779999889977779999777788997777889977777778899777788997777666666666666666688999988666666677777777777799888899998877777777666666688999988889988998899777777777777666666677778899666666668899998866666666889977778897777998888996666666677777777777777775555555555555559988777777779999998899887777777
66666666666666666666666666666666666666666666666999977778899777799887777666666668899777666666669988998888997777666666666666666998899886666666666666666666666667777889966666667777998877778899777799999988777766666668899889988997777777788997777889966666666666666666666666666666669988998866666666777889999887777777799888899777777778899666666666666666777788998899777777778899666666688999988998877776666666688997777666666666666666777799887777998899889988777788995555555555555559988777766666666889977776666666
