88997777889999887777998877779988666666669987777666666667777777799889988777777778899777777799887777777766666666777777776666666666666669988777799889988777788998899777777788998899777799887777889977776666666677777777777998888998899777777779999777788998897777777777777777777788999988777777777777777777766666666998899888899999977777777998898888997777777788996666666699887777777777799998899998888997777889977777777889999886666666777777779988998899887777777799887777899998877779988777777778899889977777777998
77779988777799999988889999889988666666667777777666666667777998877777777777799887777777777777778899777766666666777799886666666666666668899777799887777777777777777998877777777777777777778899999988996666666699887777777777777777777889977777777777777777777777889977778899889977779988777799887777998777766666666777777777777998888999988889989977777777777777776666666699887777998877799997777777788999988889988997777777799886666666777799887777777777777777777788997777777777777777777777788997777889988998899777
77777777998877777777777788999988998877779989988889977779988889966666666998877776666666777788996666666677777777777777777777777999977777777999977779999998877776666666688988997777889988997777666666666666666666666666666666677779999889977777777777777778896666666688997777777777776666666677777777777777766666666777799886666666699888899889977777777777777788998899998877777777889977777779988777799888899998866666666998877777779988889977777777777766666666777799886666666777777777777777777777777777777777777777
77779999777799889999777777777777777799887779988777788997777777766666666777788996666666998899996666666677778899777799889999777777777777777889977777777777799886666666677777779988999977779988666666666666666666666666666666699888899998899998899777777777776666666688997777998877776666666699888899998777766666666998877776666666677777777777777799889988998877777777889977778899777799888997777777788999988998866666666998877779987777777788999988998866666666777777776666666889977779988889988997777889999997777889
66666666666666666666666666666666777788997778899666666666666666699887777998877778899777666666668899777788999999666666666666666666666666666666666666666999977779988777766666667777889999887777777788999999777799887776666666677778899666666666666666677778896666666699887777666666666666666666666666666666688999988666666669988998877778899666666666666666666666666666666699889988889977799889999666666666666666677778899666666668899988666666666666666677779988666666668899777998888999988889977779999998877776666666
99887777777777777777777766666666889977779987777999977778899777777779999777799886666666998877776666666677779999777777776666666777777778899777766666666777788999988889977799997777998877777777999977776666666677778999988777766666666777777776666666688997777777777799888899889977777777889999997777777777777779999777788999988777766666666777798888997777998877777777998899889999777788977779999889999999999777777777777998877776666666998877776666666666666666889977776666666666666667777777777778899777788998899777
77777777777788999999777766666666777777779987777998877777777889977777777777777776666666998877776666666677777777998877776666666998899887777777766666666777788997777777777777777777999988997777777788996666666677777778899889966666666777799886666666677777779988998877777777777777779988777777777777777998877779988777788999988998866666666777777777777777998899998899777777777777777777777778899999977778899777777778899777777776666666777777776666666666666666777777776666666666666667777998877778899777799889988889
66666666777799888899777766666666777799887778899666666669988998866666666666666666666666998899997777889977779988998899886666666666666667777998866666666998899889999777766666667777889966666666889977776666666699997778899777766666666666666666666666677779989988777766666666889988998899777766666666777889966666666666666666666666677778899777798899887777889977778899777777778899777788966666666998888996666666666666666666666669987777777799998899889999998899666666666666666666666668899777766666666666666667777889
77777777998899887777777777779999999999889988899777777776666666677777777998888997777777889977777777777788997777777799887777777777777778899777777779988998877777777998877788996666666688999988889999998899998866666667777777788998899777788999999777777777777777777788998899777777777777998877779988777777777779988666666668899777777778899777789988997777889977776666666677777777998877799889988889988997777777777779988666666667779999666666667777998877777777666666669999777777777776666666677778899999977777777777
99887777889988997777889988999988777777777777777998877776666666688997777777799888899777777799998899777777778899777777779988777777799887777777777777777777799887777999999877776666666677777777777777777777777766666669988777777777777998877777777777799887779999889977777777777799888899777777777777889889988997777666666669999777799888899998877788997777889977776666666677779988777777777777777889988998899999977778899666666667778899666666667777777777779999666666669988777777788996666666677778899999977778899777
66666666666666667777998877779988777799886666666998899888899777766666666777788996666666998877779988777777779988999977778899777998877777777998899888899666666666666666666666669988777799997777666666666666666699888999988777777779988777799886666666677778897777889977778899889977777777889999887777666666677779988777788999999777766666666666666677779988998877776666666655555555555555566666666889999888899998877778899666666666666666777799888899777777779988666666665555555555555556666666666666666777799996666666
77777777666666666666666699889999666666666666666777799887777777788997777777777777777777777777778899777777777777777777779999777999999889999999999887777998877779999998877799889988998877779988998877777777998877778996666666699889988666666668899777777779987777889999889988889977776666666677777777998998877777777777777777777777788999988777777799998899777788997777889955555555555555577777777777777777777777777777777777788997779988777777777777889966666666666666665555555555555557777777777778899777799997777777
88997777666666666666666688999988666666666666666777777778899777777778899998877778899777999977777777889977779988998877779999777777777777777777777777777777777777777777777777779999777777777777777788998899777777777776666666699889988666666668899889977777778899777788997777777788996666666699887777777777799887777777799887777998888997777998877788997777889977777777777755555555555555599999988998877778899777777778899889988997777777889977777777777766666666666666665555555555555559999889977777777777777779999889
77779988777799886666666677777777666666666666666889999887777998866666666777777777777899666666666666666688997777777788997777777777777777777777766666666777777776666666677777777777998877779988889999887777777777778997777777777777777889977777777889988997777777777788998899666666667777777777777777777777799887777666666666666666688997777777777777777777889977779988998877777777777777788997777666666666666666699887777998877778898899666666666666666688997777666666666666666666666667777777777779988666666668899777
77777777777799996666666677778899666666666666666998877777777777766666666777799887777777666666666666666699888899777777779988777998877779988998866666666998877776666666677799889999889977777777777777777777999977777777777889999889988998877777777777777777777777889988997777666666669988777799889988777998877777777666666666666666688997777777789999889988998888997777777788997777998877777777777666666666666666677777777777777779987777666666666666666677777777666666666666666666666667777889977778899666666667777998
88998899998877776666666666666666889977776666666777799998899777799887777666666666666666666666666666666677778899998888996666666889977776666666677778899666666668899777766666669988777766666666666666666666666699997777777889999887777998888996666666699888896666666666666666666666668899998899887777666666677778899666666669988998877779988998877766666666666666668899777799887777889977766666666999977778899777766666666777788999987777998877779988777799999988666666668899899998899886666666688997777777799886666666
99887777777799888899777777779988998888997777777998877777777777777777777777777777777899777799887777777788997777998877777777889777799888899777766666666666666666666666677777777777998899889988889977777777999966666668899889999889988777799889988777799887778899998888997777889977779988777799889988889777777778899777799887777777766666666998898899888899777788998899777766666666777777777777777666666667777777788997777889977779989999998877779999777777778899777777777777988666666668899998866666666889977776666666
77777777777777778899777799887777777777777779988777777778899777799889988889999887777777777799888899999999887777777777777777777998877777777777766666666666666666666666677799887777998877777777777777777777998866666667777777799887777998899887777777777777777777777777779988777777777777777777779988777777777777777777777778899889966666666777789977779988777777777777777766666666777799899889999666666667777998877777777777788997777777889977777777777777777777777788999988777666666667777998866666666777799996666666
77778899889977776666666666666666666666666666666998877778899777766666666889977776666666666666666666666688997777666666666666666889988996666666688997777666666667777998877788999988777766666666666666667777998899888999988889977778899777799886666666699888896666666677778899777788996666666677779999666666666666666666666666666666688997777666666688999999777799887777889966666666666666666666666998877776666666666666666666666666666666889999997777889966666666889988999988777666666666666666677778899666666668899777
99889988777777776666666677779988777777777777777777777778899777799887777889977776666666777777779988777777778899889977777777889666666668899998877777777777799889988777777777777777998866666666777777777777777777777779999777777777777889988999988777788999987777777777777777666666667777889999887777777889977777777777788999988777777777777777777788997777777777778899777799889988777777777777777777788996666666677777777998877777777777777777777777998877778899777799999988999666666669988999966666666777777779988777
88997777999977776666666677778899998877777779988889977777777889977779988777799886666666998899887777777777777777889977777777777666666667777777788998899998877777777777799877777777777766666666998877778899998888997777777777788997777777777779988777777777778899777777778899666666667777777777777777998998888999988777777779988777799887777998877799887777998888997777777777777777889999888997777777799886666666699889988777777778897777889977779999777777777777777777778899777666666669988777766666666777799999988777
66666666777799887777889988997777889977779989988998877776666666677779999666666667777899666666668899777766666666777799889988777666666669988998888997777777788996666666699899889988777799887777666666667777889966666666666666666666666889988996666666666666667777889988997777666666668899889966666666666666688997777666666669988777799887777889977799997777666666666666666666666666666666677779988666666668899777788999988777788999987777777799886666666666666666889977778899777666666666666666666666666889977777777998
66666666777799886666666677778899998877779988899666666667777777799888899666666667777899777777777777777788997777998899887777998666666666666666688999988777799888899777777777777777998877777777889977779988777777777776666666677778899998877777777998877777778899889988997777777788998899998888997777777889988997777666666668899777777777777777777777777777889977777777889966666666889977777778899777777776666666677777777998877776666666666666669988777766666666777777777777777777799889988998899997777998877777777777
66666666777777776666666677779988999999887777777666666667777889977779988666666667777777998877779988777788998899998877777777889666666666666666677777777777777777777777788977777777777788997777998877777777998899887776666666677778899777799887777777777778897777889988997777777777778899889977777777777889977777777666666667777777777778899999977788997777777777779988777766666666777777777777777889999886666666699889988998877776666666666666667777889966666666777799889999777777799887777777777779999777777777777998
66666666777788996666666688997777666666666666666999999886666666666666666998877777777899999977779988777799887777777799886666666889999889988777766666666666666666666666699888998899777799887777666666669988777788997777777998888997777777799886666666666666667777999999997777666666667777998888997777998777766666666889977776666666666666666777789966666666777799889999777766666666666666688998899666666666666666666666666998877779987777777788997777889966666666777799997777899666666666666666666666666777788996666666
77777777889999887777998877777777777799998897777666666666666666677777777777799886666666889977777777777777777777998899889988998777788998899889966666666998877779988777766666668899777766666666777777777777777777777777777777788997777777777777777777788998896666666677777777777777779999777777779988998777788997777777788997777777777779988666666699889988777799889999777788998899777777799997777777788997777777777779988777799996666666777799887777889999997777889977779988777777788995555555555555555777799887777777
99887777777777777777777777778899777777777777777666666666666666677779988777777776666666777799887777998877778899777788997777889777777779988889966666666777799887777777766666667777777766666666777788999988777799888997777998899889988777788997777998899997776666666677779988889988997777998899889999777998877777777998877779988777777777777666666699887777777799887777998877777777777799888998899889977779988777788997777777799996666666777777777777777777779988889977777777777777777775555555555555555777777778899998
77777777998877777777777788997777777777777777777999988999988777777778899777788998899899777788998899777766666666777777776666666889977777777777777777777777777778899777799877779988777799887777666666666666666677777777777777766666666666666668899777777779987777889999887777666666668899889999887777777777777778899777788997777998877779999777798877777777777777776666666699887777777777766666666777799887777777799887777777777778899988777799999988777788997777777788999988777777777775555555555555555998877777777777
77778899998877778899777777777777889977777779988777777777777889977779988777788997777777777777777777777766666666998877776666666777799887777998888997777998899889988889977799887777889977777777666666666666666688997777777999966666666666666668899777777777777777777799997777666666667777777799887777777889999887777998877777777777777777777777777777779988998888996666666677777777777799866666666777777779988777799888899889988997779999777777777777889999887777777799888899777777799885555555555555555889977779999777
88997777666666669988777766666666666666666666666998877776666666688997777666666666666666777788996666666677778899777788997777889889999886666666677778899666666666666666666666669988777777779988666666667777998899887777777889999887777777788998899777799887777777998877778899889977776666666666666666998777766666666666666668899777799887777777789999887777666666668899998899889988777788977779988998877777777998888997777666666667778899666666667777998866666666777788999988777777788996666666666666666889977776666666
66666666666666669988998877777777889999888897777777777778899777788997777998877777777777889977779988998899887777777799888899777777788999988998866666666777777777777889977777779999777777777777777777779988777766666667777889977778899666666669988777788999997777777788997777777799999988999988999988889777766666666777799887777998877777777889977777777777889977779988889999997777777777777777777666666669988777777778899998888999987777777777778899998888997777777777776666666666666668899777777777777889988999999777
66666666666666667777777777779999777777777778899777799887777777777777777777777777777988777777777777777799997777998877777777998777799888899889966666666889977777777777777799888899777777778899999977777777777766666669988777777778899666666667777777777777777777998877777777889999997777889977777777777998866666666777777777777777799889988777777799889988998877777777777777777777889999899887777666666667777777799887777889999888897777777788999988889988997777777788996666666666666667777999999889988777799888899777
66666666999999888899777766666666889999886666666889977776666666666666666666666666666666666666666666666666666666666666666666666666666668899999977778899889977779988889966666666666666699888899889977776666666666666666666666666666666777788998899889966666666666666699997777889977778899998888997777666666677779988889977777777999966666666889977799887777666666666666666666666666666666666666666777799886666666666666666998877777779988666666666666666688997777777788996666666998877777777889988997777666666667777998
99889988998899889988777777777777666666667777777777799887777998899887777777777778899777998888997777889999887777666666667777777777777779988777788997777777788998899889999877777777777788997777777777779988889988998998899777777777777998877776666666688999989988998877777777777777779999998877777777777998877777777777777777777999977779988777777788997777889977777777999988998899666666677778899777777776666666699889999889999997777777777799887777777766666666777777777777988777777779999777799997777777777777777889
77779988998877777777889988997777666666669987777998877778899889977779988889977777777777998877777777777788999988666666667777999998877778899777777779988777777777777998899888998899777777777777777788997777777788998997777777777778899777777776666666688997777777777799887777998888997777998888997777777998899997777777799888899998877777777998877799887777777777777777777777779988666666677777777777799996666666699889988777777777779999777799888899777766666666998877777777777889977777777777777779988998888999988777
66666666666666666666666666666666889999887778899777799886666666666666666998877779988777777799886666666699997777666666666666666666666668899777799888899666666667777999966666669988889966666666998877778899777766666666666666666666666777799886666666666666666666666666666666889977779988998866666666666666666666666889999887777999966666666889977788997777998877777777889977778899666666666666666777799887777889988998899666666666666666666666668899777777778899666666666666666666666667777998866666666889977777777889
99889999777799886666666677778899666666667777777999977777777777777779988777777777777988998877778899777777778899777777777777777999977777777777777777777777777777777889977799886666666677777777999977776666666677778998899777799887777998877779988889977777777777777777778899998877777777889977779988998777766666666777777776666666677779988777777777777777666666667777777777777777998877777777777777788997777998877777777777799887778899998877776666666677779988777777776666666999977778899889977777777777777779988777
77777777777799886666666688997777666666669989988777799998899998888997777889988997777777777799887777889977777777998877778899777998877779988777777779988998877777777777777788996666666677779988889977776666666677778997777777777777777777777777777998877779987777889977779988998877777777777777779988998889966666666777799886666666699887777777799999888899666666667777889988997777777777799887777998877779988998877778899777799999987777889977776666666677777777777788996666666777777779988777788998899998899889988998
66666666889999887777998888997777666666666666666889977777777889999997777777799999988988889988997777889977778899889977777777998998877779988998899887777998877779999999977788996666666677777777998899997777777799889996666666677778899777788997777777788997778899777799887777666666667777889988997777777889977777777777777777777777799887777999977777777777889999887777777766666666777777766666666998877776666666699889999666666669988899666666667777777777778899777777776666666889977778899998877779988777777777777777
66666666777777779988889977778899666666666666666777777777777998877777777777799888899777889977777777889988999988998877779999998998877777777777777777777777799887777889977799886666666677779999999977778899998877777776666666677777777998877779988999988997779988998899887777666666667777777788997777889777777778899999977778899777777777777777789977778899777799889988777766666666777788966666666777777776666666677777777666666667777777666666667777998877778899777799886666666777777777777777799887777777788997777998
66666666777799886666666666666666777788996666666666666667777999966666666666666666666666777799887777998877779988666666667777998777799886666666688997777666666666666666666666666666666666666666666666666666666666666666666666688997777998877777777998866666668899889999887777666666666666666688999999666666666666666666666666666666677778899777789999887777666666667777889966666666666666699997777999977779988889966666666666666669998899777788996666666666666666998877776666666666666669988777766666666777788999999998
66666666998888997777889977777777666666667779999777777777777777788998899889999996666666998888997777777777779988666666667777777999977778899777799887777777777777777998866666666666666688999988889977777777889977777778899777777779988998877777777999977777776666666688997777889977777777777777777777998777777777777777777777777998866666666777798877777777777777777777777777777777889977777779988666666667777777799887777777788997779988777788998899777777777777998877777777777777777777777889977779988777788997777998
66666666999977777777777799887777666666667777777777788999988777777779988998877776666666889977777777889977777777666666669988777999977777777889977778899777799887777999966666666666666677777777777777777777777777778997777777788997777777777777777777799889986666666677779988777777777777889999887777777777777778899889988997777998866666666998877777778899999977779988777777778899777777788998899666666667777998877777777777777777777777777777777777998877778899777777777777999889988997777777777777777777777777777777
66666666666666667777998888997777777788996666666889977776666666666666666889977776666666666666666666666677778899998899886666666666666668899777777779988998877776666666688977776666666699887777889977777777889999887776666666677778899998888999988889988999986666666666666666666666669988777766666666666666699887777666666666666666677779999666666666666666777788996666666666666666666666666666666777799886666666666666666666666666666666998877779988998866666666889977776666666998888996666666666666666998877779988777
66666666666666667777777777777777666666667777777889977777777777777779988889977777777988998877777777777777778899777777777777777777777778899998888997777998877777777889977788998899777777777777777777776666666699887777777998899887777777777778899777777777777777889977779988777799886666666699997777666666677779999777777777777998877777777666666699888899777799887777889999998899666666677779988777788998899777777777777999977779988899999977779988777777777777777788997777777777788997777889966666666777799887777777
66666666666666668899777777779988666666667778899777777777777889977778899889977777777777777777778899998899887777777799997777998777788999988777799887777777799887777777777799997777777777778899777788996666666699887778899777777777777998899887777777777779987777777777777777777777776666666699887777666666677777777889977777777777777778899666666688997777777777779988998877778899666666688998899777777777777777777779988777777777778899777799887777777788997777998877777777988777777777777777766666666889999889988777
66666666998888996666666677779988666666667778899666666667777998888999999666666667777899999999889988889966666666777788996666666998899886666666688997777666666666666666666666666666666677779988889999886666666677778997777889966666666998877777777998899888897777889977778899666666666666666699887777998999999998899998877776666666677778899666666677778899777788996666666666666666666666666666666666666666666666688997777666666669988899777799889988777777779988777799886666666998888996666666666666666889988996666666
99887777889977779988777777779999998888997777777777777778899777788997777998888999988777777799887777777799887777777777776666666889977776666666677777777777799887777889966666669988777777777777777777776666666666666666666666677777777777777778899777777777776666666666666666777788997777998899887777777777777779988666666667777998888997777777798877779988998899996666666688997777889977766666666777788997777777766666666889977777779988666666669988777777779988889999886666666889977776666666677777777889977779988889
77777777777777778899999977777777777777777778899777788999988777777779988777788997777777777799887777889977777777999977776666666777777776666666699997777777777779988998866666667777999999887777998899886666666666666666666666677779999889977777777777788997776666666666666666777777777777777799997777777889977777777666666667777777788999988777777777779988777799886666666677777777777788966666666777777777777889966666666777799887777777666666667777777777777777998877776666666777777776666666677778899889977777777777
99887777998877776666666666666666777788997779988889999997777999977779988666666666666666998877777777889999887777889977777777889777788996666666666666666998899889999777799877776666666666666666777799996666666666666667777998866666666998877777777889977779989988777788997777777788996666666666666666777998866666666777799888899999977778899666666666666666998877777777889988999999777799866666666666666667777999988997777777788996666666666666669988777799997777666666666666666666666666666666666666666889999886666666
88999999998877777777998877779999777788997777777777777779988777766666666777777776666666777799887777889977779988666666667777777666666667777998899887777998877777777889977799996666666677778899998888999988777777778997777777777777777777788998899777799887777777777799887777666666669988998899887777666666688997777999977778899998899887777777777788997777889977777777998877777777777777799887777777777778899889977777777666666666666666777777777777777777778899777788996666666998877777777777799887777777777776666666
77777777777777777777777777777777777788999987777889977778899777766666666998877776666666777799887777777777779999666666668899998666666667777998877777777889977777777889988977776666666699887777777788999988777777777777777998899887777777788997777777788997778899998877777777666666667777777777778899666666699887777998877777777889988997777777798877777777998899887777777788997777777788977779988777799887777889999887777666666666666666889999997777889999889988777777776666666998877778899998888997777889977776666666
77779988777799886666666677777777777788996666666777777777777998877777777777777777777777998877777777777766666666777777779988777777777779999889977778899998877777777998866666669988777777779988998899887777777777779887777889988997777889977777777777766666667777998877779999777799887777998899889999777777799998899666666666666666677778899666666699997777666666669988777799887777998877777777777889977778899777766666666998877776666666666666667777998888997777777788996666666889988997777889977777777777799887777998
88999999777788996666666677779988889999886666666889977777777998899888899998877777777899777777778899889966666666777799887777777889988997777777777777777777799997777777766666667777889977779988889977778899777777778997777777799887777777788997777998866666667777777788997777777777777777777788998899777889999887777666666666666666677777777666666677777777666666668899777777777777998877777778899777777777777777766666666777777776666666666666667777998888997777777777776666666777777779999777799887777777788997777777
66666666666666666666666688997777666666667779988998877777777998888997777666666668899777999999888899777788997777666666669988777777788998899777766666666666666666666666666666666666666666666666889977776666666666666666666666666666666777788998899777788997776666666666666666999999887777998866666666777889977778899666666666666666666666666998877766666666998877776666666666666666666666666666666999977776666666666666666889988997779988889977776666666677778899666666666666666666666667777999966666666889999999988998
99887777777777777777777788997777998899887777777998877777777889966666666998877776666666666666668899777777777777666666666666666999977776666666677777777777777778899777799888997777777766666666666666667777889988997777777777777778899666666666666666677779987777777777777777998899996666666688997777999777799887777998877779988998899887777998889977779988666666667777889977777777666666677777777777788998899777777778899889977779988899998899996666666677777777777777776666666998877776666666699889988777777779999777
77777777889999888899777777778899889988997779988777777778899889966666666777788996666666666666669988777799888899666666666666666777799886666666688997777889977777777999999899997777889966666666666666667777777788997777777998877777777666666666666666699887777777889977778899777777776666666699889988777777777779999998877779988777777779988999977777777777666666667777999988997777666666688997777777777777777998877779988777799997778899777788996666666688997777777788996666666777788996666666677779999889977777777998
88997777889977776666666699888899777799888897777666666668899889966666666666666666666666666666666666666688999988666666669999998998877776666666666666666666666667777889966666666666666666666666666666669988889966666668899777788997777666666666666666699887778899777788997777777799886666666666666666777998866666666777788997777889988997777666666666666666666666666666666677779988999977766666666777788999988777777779988666666666666666666666669988777766666666889988998899777777799886666666677778899666666666666666
77777777777799887777998888997777777777777777777777788998899777788997777777799887777777777788996666666677777777998899886666666777799887777777777777777777777777777777788977778899777788997777889977778899777777778999988999977777777998888997777777777777776666666666666666666666667777777766666666998777766666666777788997777998877779988777798866666666777777777777777777779988777777788997777998877776666666677777777998888997777777889988997777889977777777666666669988777666666667777777777777777777777776666666
77779988777799887777777799887777998877779987777889999999999889988999988889977777777999777777776666666699888899777799886666666777777778899777777779988889977777777998877777777777777777777777889988997777777777777777777998888999988777777777777998899997776666666666666666666666667777889966666666777999966666666889999887777889977778899777777766666666777799999999777799888899889977777777777777777776666666677779999777777777778899777777777777889977779999666666667777988666666669988777777779988777788996666666
66666666666666666666666699998899889977776666666666666668899998866666666666666667777899998877778899889999998899889977777777998666666667777999999889988666666668899889977788996666666677778899998877776666666666666669988777799999988889999886666666666666666666666699997777889977778899777766666666998998877778899666666666666666666666666998877777779988666666667777889966666666666666666666666777788999988777766666666666666666666666889977777777998877778899889999996666666999999997777998866666666666666666666666
88998899777777776666666677777777777777777778899777777777777998899887777666666666666666666666667777998877778899777777777777777666666669999777777777777998877777777889988977777777998899887777666666668899777788997779999889977779988666666668899889977777779988777788999999777788996666666666666666889777766666666666666667777777799998899889977788998899998877777777777799999999777777777778899777777779988777777779988666666667777777777777779999777777778899777777777777988777799887777999977777777889977777777777
77779988777788996666666688999988889999887779988998877777777999988997777666666666666666666666669988999999887777777788997777998666666669988889999997777777799887777998877799887777777777777777666666668899998899887779988777799889988666666667777999977778898899777777777777777777776666666666666666889777766666666666666668899998899999988777777777777777777799999988889977777777777799888997777777799889988777799888899666666668899988999977778899777777779988777799887777777777799887777889977778899777799999988777
66666666777777778899889988999988777777779987777666666667777998877777777889977776666666666666667777777777777777889977776666666777777776666666699887777777777777777777777777778899777777779988777777777777777766666668899777777779988998877777777777788999989988777766666666777777776666666677779988777889988997777777777777777999999887777666666666666666666666669988777799887777777777766666666889977779988777777778899777777777778899998877779988777777777777777799887777999998888998899998877777777777777777777777
66666666777799887777777777778899998877777777777666666667777777788997777777777776666666666666669988999999997777777777776666666777799886666666699887777998877777777998899877777777889977777777998899887777999966666667777777777778899998877777777998877779987777777766666666777788996666666677778899777777777777777889977777777777777777777666666666666666666666668899777788997777777799866666666777777777777777777777777777788997777777777777777777998888997777777777778899777777777777777777777779988777788998899777
77779988777799886666666666666666889999887779988998877776666666677778899999999996666666998888996666666699887777889977779988889889977777777998877778899777788998899889988999886666666699887777666666666666666688998996666666699887777777799998899777766666666666666699887777998888996666666677779988998889966666666998877776666666688997777889977766666666777788999988777777778899666666677778899998877776666666688999988889977776666666889977777777998877778899666666668899777889977779988777788997777666666669988777
77778899999977779988998866666666889977777777777998877777777777777777777777777779988777889977778899777777778899889977777777998777777779988777799889988889977778899777766666667777777777779988998877777777777766666667777777777777777777777779988777799889986666666677777777889977777777998877777777999889966666666889977779999777777778899889977777777777666666667777777777778899666666677777777999977776666666688997777998899887777777889988996666666677779988777799886666666666666667777777799887777777777776666666
88997777998899887777777766666666999999889997777889977777777889977779988889977777777777777788997777777788997777999988998899777889977777777999977777777777777779988777766666667777889977777777889999889999889966666668899777799887777889988998899998888997776666666677779999777777777777777777779988777889966666666777777779988777777777777777789988999999666666668899777777779988666666699887777998877776666666699888899777777777779988777777776666666677779988777777776666666666666669988998899887777777788996666666
77778899999977778899998888997777998899996666666889977777777889988998899999977778899777777799886666666677779988999977776666666666666669988998866666666666666668899777766666666666666666666666777799997777999999889996666666677779988777799996666666666666669988777766666666666666667777889977778899777998866666666666666668899777766666666889977788997777777788996666666666666666889999988997777777788997777889966666666998877777779988666666669988998899887777666666667777899998877776666666677779988889977776666666
99889988777777776666666677778899777799887777777777777778899999999997777998899886666666777788996666666699997777777799887777777666666669999777788997777777777777777889977777779988889977779988666666667777889999887777777777777777777998877777777777777778896666666666666666998877776666666677778899998999977777777889977777777777777778899777777766666666777799996666666688997777777788966666666777799887777998899889988777777778897777777799889988777788997777777799889999777777777779999889988997777889977776666666
77777777777799886666666677777777777788997779999998888997777777777777777777777776666666777799886666666677777777889977777777889666666667777999977778899998899888899889999877777777998877777777666666667777777777777779988998877779988998877779988777788997776666666666666666777788996666666677777777777777788999999777777777777889977779999998889966666666889977776666666688997777777799866666666777788997777889977777777889977777777777777777777777777788997777777777777777777889977777777777799887777998888996666666
88998899999977776666666677778899777788996666666666666666666666688997777666666666666666666666666666666677778899777788996666666666666667777999988997777666666667777889977799886666666699888899666666668899889977778996666666666666666777788998899889966666669988889977779988666666669999889999998899777998866666666889977777777889977779988777789977779988889977776666666677779999666666677779988777799889999777766666666777788997779999998888997777998888997777889999886666666889999886666666666666666777788998899889
77777777889977776666666677777777777777778897777999977778899777799887777777788997777899666666667777889977777777777777777777777777777777777998877778899777799887777777777777777777777777779999666666668899777777777777777998877777777777777777777777766666667777889977779988777777777777777799887777777777788999988777799996666666677777777777777777779988889977779999777788999999889977777777777777788997777777777777777889977777779988777788997777777799887777777777778899899666666668899777777777777777788997777777
77778899777777776666666688998899999977777777777777777777777777777777777777799887777777666666667777999988997777777799887777889999977778899889988997777777799889999777788988998899777788997777666666667777777788997777777889988997777777788997777889966666667777777777779988998888997777998899889988889889977777777889988996666666677778899889977777778899777777778899777777779999777777799887777998877778899998877779988777777778897777777788997777889988999988777799888899777666666667777889977779988777777777777998
88998899998888999988998866666666889977779987777889977776666666677779988666666668899777666666666666666688999988666666669988777998877778899777777778899666666666666666666666667777998888997777998899889988998899887779988777766666666666666666666666666666667777889966666666998899886666666688997777777998877778899666666667777998888999988777798888997777889977776666666666666666777799888997777998877776666666666666666666666667779988666666668899777799889988666666667777899889988998899777766666666666666666666666
99887777777777776666666666666666666666669988899998899889988777777779988666666668899777998899888899777788999999777777776666666666666667777777777778899777799887777777777777778899889977777777777799998899999977777778899777777778899777777779988998877779987777777799887777889977777777777777779999998998899889988666666667777998877779988998889988997777777777778899777799887777998877788997777666666667777998877777777666666667778899777777777777889988999999777777779988777889977777777889977777777777788999988777
88999999777788996666666666666666666666667778899777777778899777777777777666666667777777777777777777777777777777777799886666666666666668899777799889988777777778899777799877777777777777779988777777778899998877778997777777777777777777799889988998899887779988777777777777889999889988777777777777777777777777777666666667777998877777777777777799887777889977777777777777777777999977777777777666666667777998888997777666666669998899777788997777777788997777998888997777777777799998899889999887777777799998899777
77777777777788997777777777777777998877777778899998899887777777777778899889977777777899777777776666666677777777666666666666666666666666666666677777777777777777777777766666667777998899889988777788996666666677777778899777777779999777799886666666666666667777998899889988998899889988998877777777666666677777777998877778899889999887777889977799889999666666669988999966666666998888977778899777788997777889999997777998899888897777777777778899777766666666999977778899777998899996666666666666666889999887777998
77779988889977779988777788999988889977779997777889977778899777777777777777777777777988889977776666666688997777666666666666666666666666666666677778899889977779988777766666669988777777777777889977776666666688997777777889977779999777788996666666666666667777777777778899777777777777777777778899666666688998899777799889988998899888899889998877779988666666667777777766666666889977777779999777777777777777777779988777777779987777998888998899889966666666777777778899899998877776666666666666666777777777777777
66666666666666668899889966666666777799886666666666666669988777788999988666666667777899889977776666666677779988777788996666666889999999988777777779988777788997777998866666666666666666666666889988996666666666666667777889999889988777788999988777766666667777889977779988666666666666666677778899998777766666666889977777777998877778899666666677778899889977777777998899887777666666677779988666666669988777777779988999999887779988666666669988777777779988777799889988777777799886666666666666666666666669988777
88998899777777776666666688999988666666667778899777799887777777799887777666666668899777777788997777998877779988666666668899777777777777777777799887777777799888899889988977776666666677777777777799887777998866666667777999977779988777799887777777788997777777777777777777999977779988998866666666666666677777777998877777777777799889988889977799889988777777777777777777778899889999899888899777777777777998877778899998877777777777666666668899777799887777777777776666666777788999988777777777777666666667777889
77777777889977776666666699887777666666667777777889977778899998877779999666666667777777777799887777777777777777666666667777999777799889988998877777777777788999988777777777776666666699887777777777777777777766666667777999977779988777777777777998888997777777998877779988777777777777998866666666666666677778899889977779999777777778899777777777777777998877777777998877777777777777777777777889977777777777788997777777777777778899666666667777777777777777777799886666666777777778899777777778899666666667777998
99888899777799889988777799997777998877776666666889999886666666666666666889977778899988666666666666666666666666666666667777998889977778899777777779988889977777777889966666666666666666666666889977779988777766666666666666666666666666666667777999966666666666666677779988666666669988889988997777777998877779988777788998899777777779988999977777779988777799888899889988997777666666688997777666666667777889977779988666666666666666889999996666666666666666998877777777988777788999988777777779999998877776666666
77779999777799886666666677777777666666666666666777777777777777766666666777788997777777998877777777889966666666777799998899777998888998899889966666666666666667777889999977778899777788999988666666667777777788997776666666699887777666666667777777777777777777777777777777777777778899777766666666998777766666666777799999988777777779988999977777777777889988997777777777777777998877788997777998877777777998899889988998877779989988998877779999889977777777666666668899777777777777777889966666666777777776666666
99887777777777776666666677778899666666666666666889977779988777766666666998899889999899998877777777777766666666999999887777777777777778899777766666666666666667777998877777777777889977779988666666667777889999887776666666699888899666666667777998877778898899777777779999889977779988777766666666777889966666666777799997777889977777777777777777778899777799889988777777779988889988977777777777799887777889977778899998877777777777998899997777777788998899666666669999899998877779999777766666666998877776666666
77778899666666666666666666666666777788997778899777788996666666699889988666666669988777998877777777999999888899666666667777998777788997777998877778899666666668899777766666666666666699997777666666669988777799889886666666688997777998877777777998866666667777998899888899889977776666666699887777666666666666666889988996666666666666666666666666666666889977776666666666666666666666677778899777788997777889966666666666666667779988777788996666666666666666998877776666666998877778899777799887777889977776666666
77778899666666669988777777778899998888997778899666666666666666677779988998888999988777777799888899998877779988998877779988777998888999988998888997777999977777777998877777776666666677779988666666669988777799887776666666677777777998877777777889977777777777889977777777666666667777777788997777777889977777777777799887777777766666666777798877777777889977777777998888997777777777777778899777777779988777777779988777799887779988998877779988777777777777777788999988899777777777777777777779988998888999988777
77777777666666667777777777779988998888997777777666666666666666677778899889999887777777777777777777998877777777777799887777777777799888899889977779988999977777777777788977776666666688999988666666668899777788997776666666699889988998877778899999999887777777777788998899666666667777889977777777777999999887777777777779988998866666666777777799888899998888999988777788997777999999877779988777799997777999977779988777799887779988777777777777777788997777998877777777777998877778899777777777777777777777777777
77777777777777775555555555555555998877777778899777788997777998877778899777777776666666998899999988998899889988889999886666666777777777777889966666666777788996666666666666669988889966666666777777776666666699887777777777799887777666666668899777777777779988777777779988777777779988889977777777777889977777777777788997777777777779988777777777777777666666669988777777779988777788966666666777799888899777766666666666666669988899777777777777777766666666998877777777988889977778899889988997777777777777777777
99887777889977775555555555555555777777777779988889977777777777788997777777788996666666889999888899777799887777998899996666666999988997777889966666666777799886666666666666667777777766666666998899886666666699888997777999999887777666666669988777777778898899999977777777777799889988777777779988998889999887777777788997777889977777777889977799889988666666669999777777777777889977766666666777799889988999966666666666666667777777999999999988998866666666777777779988777998877778899777777779988777788997777999
66666666666666665555555555555555777788996666666666666667777999988997777777799887777899777788998899777799887777889988996666666777788996666666677779988777799997777889977788996666666666666666666666666666666699889887777889977779988666666667777889999887776666666666666666666666668899777766666666666666699997777999977778899777799889988666666688998899998877778899777766666666998877766666666998877776666666666666666666666667778899777788999988998877778899998877776666666666666666666666677779988777788996666666
77779988777788998899999977777777777788997779988777799997777998877779988777799887777777777788997777777777777777777788998899889999977778899777799887777999977777777999999877776666666666666666777799997777998877779887777998888997777777777777777777777779987777998899887777666666669988889955555555555555577779988889977776666666677779988777798877779988998877777777998866666666777777777779999777799887777777799887777889977777778899777799887777998877777777889999887777899666666667777998899999988555555555555555
77779988777799887777777777778899777777777779988777777777777777777778899777788998899777777788998899889999889988777777778899777998877779988777799887777777777777777777777777776666666666666666777777777777777777777777777777799887777998877777777998877777779999777777778899666666667777777755555555555555577777777777788996666666677778899777777777777777777799887777777766666666777799877778899998877778899777799887777777777777778899999977779988777788999988777777777777777666666668899777777777777555555555555555
88997777777788996666666666666666666666666666666666666666666666699887777777799887777988998877776666666677778899999977776666666666666669988777799887777998877776666666677799889988998888997777666666669988999966666668899777766666666889977776666666699887776666666666666666777799999988777755555555555555577778899889977777777999966666666666666677778899666666666666666688997777777799866666666666666668899998877778899889999887779988666666666666666666666666777799887777899666666668899998899889988555555555555555
99887777777777776666666699887777777777777779988666666667777777766666666777799997777899777788997777777777779988666666668899777777799887777998877779999777777778899777799999998899998866666666777777777777889999887778899889977777777889977777777777788999986666666677777777998877777777777777777777889777799887777666666667777889977777777777777799887777998877777777889966666666777777777778899998877777777777799887777666666666666666889988996666666666666666889988999988777777799887777777799888899777777779988777
99887777777799886666666688997777889988997777777666666667777889966666666777777778899777777777777777998877777777666666669988777777777777777777788997777998877777777777777777777777777766666666889988997777777777777779999777777779988777777779999889999889986666666688997777777799888899777799888899777998877779988666666669999777799887777889989977779988777777779988777766666666889977777778899777777779988777777777777666666666666666777777776666666666666666998888997777899777799887777998877779988998888997777777
66666666666666667777889966666666777799886666666666666666666666699887777998877778899777777788996666666688999999666666666666666777788996666666666666666666666667777998866666669988777777779988666666669988777766666666666666666666666998877779988777766666666666666666666666666666666666666699887777777889977778899666666667777889988997777666666677779988777788996666666688997777998899866666666998877777777889966666666666666669987777998877776666666688997777777799888899899666666666666666677778899998877776666666
66666666777777779988777788999988777777776666666777777776666666677777777998877778899777777799997777777777779988889977777777777777777776666666677778899998888997777777799977778899889966666666999999997777777799887777777998866666666998877779988777788997778899777777778899777799999988777766666666777998877778899889999889988998877777777998877799887777777788999988777777777777666666677777777666666667777889977778899777788997779988889977777777998899888899999977779988777666666667777777799887777666666667777889
66666666998888997777777777778899777788996666666889977776666666677779988777777777777777777777779988777777777777777777779988777889977776666666699887777777799887777889977777777777777766666666777777777777998877777778899777766666666998877777777777799888899988777799887777777788997777777766666666777777799997777998877777777889999889988777777777777777777777778899777799888899666666688997777666666667777889977778899998877777777777889977777777777799887777998877777777777666666669999777777778899666666669988777
88997777666666667777998866666666666666666666666889977776666666666666666666666669999777666666666666666677778899889999888899777666666667777889977778899666666666666666688977776666666666666666777788998899777766666668899998877778899777799886666666666666666666666688998899889977776666666666666666666666666666666998877776666666677779999777789977778899998877777777889966666666889977766666666889977776666666677778899777788999988899999977779988777777779988889977777777988777799996666666666666666666666666666666
