77777777777788998899777777779988777788996666666666666667777999999889999777799886666666777777777777777777777777666666668899777777788996666666688997777777777777777777788988997777777788998899889977777777777777777777777998866666666666666667777889999887777777889966666666889977778899998877778899666666677777777777788997777777777778899666666677777777889999886666666677777777889977766666666666666667777777799997777777777777778899777799887777777777777777777799887777777777799888899889977777777666666667777999
88998899889977777777777799998899777788996666666666666667777777777777777777799886666666889988997777889988997777666666667777777889999886666666677778899777788997777889977788997777889977777777777777779988777777778997777777766666666666666667777777777777777777777766666666998899888899777777779988666666688997777998899888899889988999988666666699887777999977776666666699889988777777766666666666666667777889977779988998888999997777889977777777889999997777998899888899899998899889999889999888899666666669988777
88997777777777776666666688997777666666669988899666666666666666677777777777777777777899777777777777998877778899889988997777889889988997777889977778899889988997777777777799887777777766666666777777776666666677779997777777777777777777788998899777766666667777777788997777777777778899777777777777777998877777777777788998899777799999988998889966666666666666667777777766666666777777788999988777777777777998877777777666666667777777777777777777777777779988998888996666666998877776666666677778899889977777777777
77777777889977776666666688997777666666669997777666666666666666688997777998899887777777777799887777998877779988777777777777999777777777777777788997777889977779999777777777779988998866666666777799886666666677777779988998888997777777777777777777766666667777889999998899998877777777777777779988777777788997777998899888899777799887777889977766666666666666669988777766666666777799877777777889977778899777777779988666666669987777889977777777998877777777777788996666666777777776666666677778899777777778899777
66666666666666666666666688997777666666666666666666666666666666688997777666666669988899998877776666666699889988777799889988777777799889988777777778899666666669988777766666667777889988997777666666669988889966666666666666666666666777788997777999966666667777998877779988777799889988777766666666666666666666666889988996666666688997777889977766666666666666666666666666666666889977788999988666666666666666677779999666666667779988666666667777998866666666889999996666666999977777777998877778899777799996666666
77779988999977777777777777779988889977779989988777777779988889999997777889977776666666889977777777998877778899889977776666666889977779988777777777777777777777777889988988999988889988997777777777777777777777777776666666699887777777799888899777777777777777777788997777998888996666666677779988666666677778899777777779999777799887777777777777778899666666669999998888997777777777788997777889977776666666677778899777799887779999777777779988777777777777777799889988777777799888899777766666666777777776666666
99887777777799887777999977777777777788997777777777788997777777777779999777777776666666889988997777998877777777889999886666666777777779999777777778899777799997777998877777777777777799889988889977777777889988997776666666688997777998877777777777799887777777998877779999777799886666666677777777666666677778899998877779988777777777777889977777779988666666667777777777777777889999899887777777777776666666688997777998877779988899889977777777777777779988998877777777777998888999988777766666666889977776666666
77778899889977777777999966666666998877776666666777788996666666666666666666666666666666777799996666666699889988777799996666666777799889988998866666666666666666666666699877777777998888997777666666666666666699997779988777788997777666666666666666666666669988777766666666666666666666666699887777998777799888899999988996666666688997777666666666666666666666666666666677778899777788977779988889977777777998888997777666666669989988889977776666666677778899666666666666666777788998899777766666666666666666666666
66666666666666669988998877779988889988996666666777777778899777777777777889988999988777998877779999777788999999666666669988777998888997777777799889988777788998899777799877777777777799887777777777778899999977777778899777788997777998877777777999999997779988777788997777777799887777999999889988777777766666666777788997777999977779988889977777778899777788997777999966666666999977788997777999999888899889966666666777799997777777666666667777998877779988889977779988777999977779988777777777777666666667777777
66666666666666667777889977777777777777776666666998877777777777777778899777777777777777777788997777777777778899666666667777777889977777777999977777777777777779988777777777779999998877777777889977778899998888997779988777777777777777788997777777799887777777777777777777777777777777777777777777998777766666666777777777777998899887777777789977777777777799889988889966666666777777799887777777777777777998866666666777777777779988666666667777777777779988889999997777777777777777777777777778899666666669988998
66666666666666668899889966666666999988997778899666666668899998866666666666666667777899777788997777889999889999998877776666666777799887777889966666666666666667777889977788996666666666666666666666669999777766666667777998866666666666666668899889977779989988777799999999777799996666666688998899777889977778899998877776666666666666666666666666666666666666669988777788997777666666666666666889988997777889966666666998888998897777666666669988998888997777666666669999777889988998899777777779988666666667777998
77778899777799887777777777778899998877777779988777777777777998877777777777777776666666777788997777889977777777666666669988777889977777777777788999988666666667777777777788997777777777777777777777776666666677777779999777777779988998877779988777777777776666666666666666666666669988777777777777889777777779988666666669988777766666666777777799997777777799886666666699999988889977777779988777777777777889977779999666666666666666998877778899777799887777777777777777777777777777777889977778899777777776666666
77777777777777778899777777779999777777777777777998877777777777788998899889977776666666998899888899777799889988666666667777777777777778899777788997777666666669988777777777777777889977778899889977776666666688997777777777777779988777788997777998877779986666666666666666666666667777999977779988777999977779988666666667777889966666666889977777777777999977776666666677777777777777777778899998877777777777777779988666666666666666777777779988998877777777889977777777988889977777777777777779988777788996666666
55555555555555559988998877777777889977776666666666666668899999988997777777777777777777777799887777889988999988666666667777889777799888899777777778899998877778899889977788996666666666666666998899886666666699887777777777777777777777788997777777788997776666666688997777889977777777777777779988998998866666666998877777777777788997777666666677777777777777777777998899887777777777788997777666666667777777799889988666666666666666777777777777777777777777998877776666666777777777777999999887777998888999988889
55555555555555557777777777778899777799886666666666666667777777788997777889977778899777777777777777889999999988666666667777777998899887777777777778899998877777777889977777776666666666666666777799886666666677778999988777777778899889977778899777799997776666666677777777889977779988999988997777889889966666666777777778899998888999988666666699887777889977777777998899997777889977777777777666666669988777777777777666666666666666999977779988777777778899777799886666666777799997777777777777777999999887777777
55555555555555556666666677779988666666666666666666666667777998888997777889988996666666777799886666666666666666666666669988777666666666666666699887777998877776666666699877779988777799887777777799887777998866666668899889977778899666666668899889999887779988889999887777889977778899777766666666666666666666666777799886666666677779988998899966666666666666669999777799887777999977766666666666666668899777777779988777788996666666889999886666666699887777666666669988899889977779999998866666666666666666666666
77777777777777777777777777777777998877777779988998877777777777788997777998899886666666777777778899777799888899777788996666666777777779988777777778899998877777777998877777777777777799887777777799889999889966666667777777788999988998877779999999977779988899777777777777998877778899777777778899777889966666666998877776666666677777777666666699997777777799889988777777779988666666699887777777799887777777777777777777799887779999889999887777777799887777777788996666666889977779999777766666666889977777777777
77779988889977777777999977779988889988997777777777799887777889977778899777777776666666889977779988777799887777998899886666666889977779999777788997777889977777777998888977778899777799997777777777777777777766666668899777777779988777799887777777777777779988889977779988777777777777777777777777777777766666666777777776666666688997777666666677779999998877777777777777777777666666677777777998877779988777788997777777777777777777777777777777889977777777998899886666666889977777777777766666666998877778899777
66666666666666666666666666666666666666666666666666666667777998899997777777799886666666998899889988777799887777777788997777889777788999988998899887777889977776666666666666666666666677778899777799998899889966666669988777799887777777788997777889966666667777998866666666666666667777998877779988777889977779988777799886666666677778899666666666666666666666669988777799887777889999999887777889977776666666666666666666666666666666666666666666666666666666666666668899777998877777777889966666666777799996666666
77779988777788997777777766666666889977776666666777777777777889977779988889977779988777998888997777889977777777777777777777777777777779988777788999988777777778899889966666669988777777777777889977777777777766666668899777777777777998877776666666688997779988777777779999889977779988777777778899998777799998899777799888899998877779988666666666666666777799889988998877779988889999888998899777777779988777777778899889977777777777889988997777998877777777777777777777899777777777777998888997777666666669988777
77777777777777777777998866666666777777776666666998888998899889977778899777777777777777777777777777998877778899889999888899889777799997777889977779988777799888899777766666667777777799999988777777777777889966666667777999977779988998877776666666677777777777777777777777777777778899777799999988777777777777777777777777777777799888899666666666666666777777779988777777777777998877777779988777799887777889999887777777777779987777998877777777777799997777777788999988777998877777777777777777777666666668899777
88997777666666668899889966666666998899887778899889977776666666666666666998877778899777998877776666666666666666777799996666666889977777777998866666666666666667777998866666669988889977778899998888998899889999997776666666666666666666666666666666699889988899777766666666998877777777999966666666998777766666666998877776666666666666666777789977778899666666667777998866666666777799866666666777788996666666666666666777799887779999666666669988998899889988666666668899777777799887777998877779988777799886666666
66666666889977777777777766666666777777776666666998877776666666677777777777788999999777666666667777777799887777777777777777777889999889988777799997777777799889988777788977779999777777779988889977776666666677778997777889977779988889977778899777788997777777998866666666777788998899777766666666666666677777777777788999988777777777777889977777778899777788997777998899997777777799877777777777788998899777777779988889999996666666999977777777777777777777777788995555555555555556666666666666666777777777777998
66666666998877777777889966666666999977776666666889999996666666699888899777788999988777666666669988777777779988999977777777889777788998899777777777777889977779988777777777779988777788999988777777776666666677777777777777777777777777777778899777799889987777889966666666889999887777998866666666666666699887777777777777777777799889988889977777777777998877777777777799889988889977788997777889977777777777799889988998877776666666777777779988777777779988998888995555555555555556666666666666666889999887777777
99889988998877777777889966666666889988996666666777788997777998877779988777799886666666777799886666666699997777998899998899777998877776666666699887777666666667777889977799886666666688998899889977776666666666666667777999999889988777788997777889988997778899777788998899777799886666666677779988666666677779988666666669988998866666666998889966666666889999887777999966666666666666699887777666666666666666666666666666666667779999666666667777999988999988889977775555555555555556666666677779988666666668899777
77777777777799888899777766666666889988997779988777799887777777766666666777788999988777777777778899777777779999666666669988998666666666666666688998899998877777777777799877778899777777777777777777777777777766666669988889977779988666666669999777777779987777889988997777666666667777999966666666998889966666666998877777777777799889999777777777779988889977776666666666666666889977799997777666666668899889977777777998899887779988777799887777777777779988889977776666666889988999988998866666666777777779999889
77778899777799889988777766666666777777777778899777777778899777766666666889977778899777777799889988777777778899666666669988777666666666666666677777777777788999988777777777779988777777779988889999889988889966666667777777777778899666666667777777777777778899998888997777666666667777999966666666998777766666666777799889988777777779988998877777778899777788996666666666666666777799877777777666666667777777799887777998877777778899777777777777889977777777777777776666666999977777777777766666666998877777777777
66666666777799887777777777779988777777777779988889977779988777777777777666666667777988777777779988777799887777666666667777777998877776666666677777777666666667777777777799997777777766666666777799887777998877777778899777799887777777777777777777766666667777777777779999777788997777777799887777998777788999988889977777777889966666666666666677777777777788999988777766666666777777799887777777788998899777766666666777777777778899777788998899777777778899777799886666666777777777777777766666666666666669999777
66666666777777779988777799997777998899889987777777777777777777799887777666666667777777777799997777998877779988666666667777998777777776666666688999988666666667777889977799999988998866666666998877777777777788997779988777799887777889977777777999966666667777998877777777777799887777889977777777777777788997777777777779988889966666666666666677779999889999888899777766666666777799877777777777777779988777766666666998888997778899777777777777889977777777777799886666666998877779988777766666666666666667777777
77779988666666668899777766666666889977779987777777799996666666688997777889977778899899666666666666666677778899777799886666666666666669988777777779999666666666666666677788996666666666666666777788999988777766666667777889977779999777799886666666666666667777998899887777666666668899777766666666666666688997777889977779988777788998899889989988998899889999889988998866666666666666666666666666666667777889966666666666666666666666999977776666666688997777999977779999777666666666666666666666666666666669988889
99889999889999888899777799887777998877777777777889988996666666666666666998899996666666889999997777777799887777777799996666666777799887777889988997777666666669988777799877777777777799997777666666667777889977778997777998877777777777777777777777766666669988777799887777998899887777777777777777777999966666666777788997777777766666666998877777778899777788998899889988999999666666699889988777799887777999988998899777799887779988777777779988777777777777666666666666666998877777777777777779988777777778899777
77777777777777779999777788997777777788997779999889977776666666666666666777788996666666777777778899777788997777777788996666666777799998899889977777777666666669999998877788999988999977777777666666669988777777777778899777777778899889999887777889966666668899998877779999777788999999889977779988998998866666666777777777777999966666666777777777778899777777777777777777777777666666677777777998899887777777777779988777777777777777889977777777777777779999666666666666666889977778899777799887777889977777777998
77779988889977777777889999997777777799886666666777788996666666688999988666666667777999777788998899777799887777889977779988777666666669988777788998899998899886666666666666669988998899888899889977776666666666666667777889977779988998877778899777766666666666666666666666889999997777998888997777998777766666666666666666666666677779999777799977778899666666666666666666666666666666666666666998888996666666699889988889977776666666777788999988777766666666666666666666666777799887777889999887777666666669988998
77777777777777776666666677777777777777779987777777777777777777777779988777799886666666666666667777777777777777999977777777777777788997777998899887777777788997777777777799889988889977777777889977777777889988998997777998888998899998888997777889999889987777777777777777889999887777777788997777666666699887777666666669988777799887777777777766666666998877777777777799998899777777799887777777788999988777766666666777777776666666777788997777777777779988889988997777988666666667777889966666666666666668899777
77778899777799886666666677778899777799887777777777788998899777799997777998877776666666666666667777998888997777998877777777889777788998899777788997777777799888899889977777777777998877779988777777777777889999887777777889988997777777777777777998877779989999777788997777777777778899777777777777666666677779988666666667777777777777777998877766666666777799998899777777778899777799877777777998877777777777766666666777799886666666777777779999998877777777998877777777899666666667777998866666666666666669999998
66666666889977776666666666666666777799888897777889988999999777766666666998877778899899999977776666666677778899998888999988777777788997777889977778899666666668899777799877777777889977778899998877777777999966666668899998888999988998877776666666699888898899777766666666889977779988998866666666998777766666666666666667777889999889988998889966666666666666666666666666666666666666688998899666666666666666666666666889977779987777666666668899777777778899666666666666666666666668899777766666666777799889988998
77777777777777779988777777779988666666666666666666666667777777799887777777799887777777666666667777998877779988777788998899998777788997777777799889988666666666666666677777779988777766666666777777777777777777777779988777799887777889977777777998877779987777889977777777889988997777777799887777998999977777777777799887777777777777777998877788997777777777776666666688997777998888966666666666666668899777777777777666666666666666666666667777889988998899998877776666666777777777777777777779988998899887777777
77778899999977777777777777777777666666666666666666666669988777777777777777788997777999666666667777777777779999777777777777777777777779999889999887777666666666666666699877777777889966666666889999887777998899887777777777777777777889977777777777788997777777777777778899777777779988777777777777777777777778899777777779999777777779988889977777778899998877776666666677777777999988966666666666666667777889999998899666666666666666666666667777777777777777777777776666666777799888899998877777777889999888899998
88998899998899888899777777777777777788997777777999977777777999966666666889977777777777777799887777777777778899998877777777777666666667777998899887777998888997777999966666667777777766666666555555555555555599889889988777777777777666666666666666677777778899777766666666777799996666666677778899777777777779988777777779988999999997777666666677778899777799997777998877777777777799866666666777777777777999966666666777777779987777777777777777889977779999666666668899777666666667777889966666666889977776666666
99997777777777777777777788997777777777777778899777777778899777766666666777777779988777777788999988777777779988777777778899777666666667777998877777777999977777777998866666667777889966666666555555555555555599887777777777777779988666666666666666677779987777777766666666777777776666666677779999998777777777777777799887777777777779988666666677777777777777777777777799887777777777766666666889988997777999966666666777788997777777998877779988777788998899666666667777777666666667777777766666666777777776666666
77778899777799996666666666666666998877777779988889999887777999966666666889999888899777777799888899999966666666777799886666666666666666666666699887777666666666666666666666666666666666666666555555555555555577778996666666688997777666666668899777766666669988889966666666666666668899777766666666666666677779988666666669988777766666666666666666666666666666669988777766666666666666677779988666666667777889977778899666666667778899889999888899777766666666777799997777988998877776666666666666666889977776666666
99888899998877779988777777777777777788997779988999977779988777766666666777799889999899777777777777998899998899777799997777777998899999988889999888899666666667777777766666667777777799889988777799888899889999887778899889977777777666666667777777799889987777777777779988889977777777998888998899998777777777777777777779988889977777777777789999887777777777776666666677779988777777777779988777777777777999977779988777777777777777777788997777777777777777998877778899777666666667777777766666666777788997777889
88997777777777777777889999997777777777779989988777777778899998866666666998877777777988777788997777777777778899777777777777889889977777777777788999988666666669988998866666667777889999889988777777777777777777779997777998888998899666666668899998877777779988998888997777998877778899999988999988777777799888899777788997777777777779988889977777779988999999886666666699887777777788977777777777799887777777777779988777799887779988777799889988777777778899777799997777777666666668899777766666666777788999988777
66666666777788996666666677779988777788996666666666666668899777799888899889977776666666889977776666666688997777998877779988777777799886666666666666666998877777777889966666666666666699887777889977779988777766666666666666666666666889999887777999966666666666666699887777998877776666666666666666889777799887777998888996666666666666666666666699888899777799886666666666666666666666666666666666666666666666677778899777799887779988666666666666666666666666666666667777899666666669988777766666666777788996666666
88997777666666667777999988997777777777777777777666666667777777777777777666666668899777889977779988777777777777889999886666666999977777777889977777777998877776666666699888997777777799887777777777778899889977778998899777788997777777777777777889977777777777889977779999666666667777777788997777777777799999988777799888899777777777777777789999997777889977777777998877779988777777788998899998888997777889977777777666666666666666998888997777777777777777777788997777899998877776666666699887777889977779988998
77778899666666667777777777777777777799887778899666666669988777777778899666666668899777889977777777889977778899777788996666666777777777777777777779988777777776666666699877779988777777777777777788997777777799998999988777777779988998877777777998899889987777777799889988666666669988998888997777889889977777777889977779988777788999988777789988997777999999887777777799889988777799977777777777777777777998899887777666666666666666998877777777889999887777998899999988777889977776666666677777777998899887777999
66666666777788999988777799887777998877779987777666666667777999988997777666666668899777998877778899777766666666777799886666666777799997777889999888899998877777777998866666667777889988998899666666666666666677778997777998888997777889977776666666699887779988777766666666998888996666666688997777777998899887777999977779999777766666666666666666666666889977776666666688997777666666666666666666666666666666666666666666666668897777889999888899777766666666777788996666666666666667777889988997777666666667777889
99887777998877777777889977777777777788996666666777777777777998877777777777777777777988889977779988998899889988999977777777889777788996666666677779988666666668899777777788999988777788999988889977776666666699888998899777777777777998877776666666677777779988777777777777889977777777777766666666889998899887777777788999988777777777777777789988997777777777776666666699889988777777777777777889977777777777777779988777799886666666777799998899777777778899889977779988777777799887777777766666666777777779988777
88998899998877777777777799888899777777776666666777788997777999977779999998877777777988777799889988777799887777889977777777777777777776666666699997777666666669988777777777777777777788997777777799886666666688999889999777777779988889999886666666677779987777777777778899998877779988889966666666777889977777777777777777777777799888899998877777777777777799886666666677778899998877777779999777799887777998877779988777777776666666777777779988777799887777777799997777777777777779988998866666666777788998899777
66666666666666667777998866666666889977776666666777788997777889999887777666666667777899998877777777998888997777666666666666666998877776666666666666666666666667777889966666666666666666666666777799887777998877778996666666666666666777799886666666688997779999777766666666666666668899777799887777999777799887777998877777777999966666666889989977779988777788996666666666666666889977766666666889977776666666677778899666666666666666666666668899998888997777889977776666666889977778899777799887777666666666666666
77779988666666668899777777777777889977777779988998899887777777799997777777777776666666889977777777777799887777777799888899777777799886666666666666666889988997777777777788997777998877779999666666667777777777777777777889999888899889977776666666699887776666666677778899777799887777777777779988777998877777777777788997777998877777777777777799889988777788996666666688997777777777777779988666666667777777777779988889977777777777889977777777998877777777889977776666666666666669988777766666666889977776666666
88999988666666667777777788997777777777777778899998877779988777788999988889977776666666777788997777998899997777998877778899777889988996666666666666666998877779988777777777778899777777778899666666667777998877779889988777799997777777799886666666677777776666666699887777777777779988777777777777998777788997777889999887777777799887777777789977779988999999996666666688997777777799877777777666666669988889999998899777777779987777777788999999889999888899777777776666666666666667777777766666666998877776666666
66666666666666668899777777777777777799887777777777799887777889999887777889988998899777777777779988998877779988777777777777998666666666666666677778899666666668899777777777779988777766666666777799888899777777777778899998877777777777777776666666677779989988777777777777777777777777998866666666998777799998899777777777777889999888899777798877777777777777776666666677779988666666677777777777799886666666688997777999977777779988777777777777777777779988998877779988999777777779988889999889988666666667777777
66666666666666667777889999887777777777777779988777799999988777777777777777777779988777998877778899777777778899889977777777777666666666666666677778899666666667777889999877777777889966666666777799997777777799997777777777777779999889988996666666677777777777889988999988889999887777777766666666777777777778899998888997777777777779999889989999887777889977776666666677777777666666677779988777777776666666677778899777777778897777998877779988777777778899889977777777777777788999988777799887777666666668899777
66666666889977778899777766666666666666666666666777788997777998899887777666666667777899666666666666666688997777998899886666666777799886666666688997777666666666666666677788996666666666666666666666668899889966666667777889999997777666666666666666666666668899777766666666666666667777998899887777777889977778899777799887777889988997777666666677778899777799998899889999887777666666677779999666666666666666666666666555555555555555777799886666666666666666777788997777899666666666666666666666666666666667777889
77777777998877777777777766666666998877778897777777777777777998899887777777799886666666777799889988777799887777889977779988777889977777777889977777777777799996666666666666667777999977779988889977777777777799887778899998899889988777799998899777766666669988777788997777777788999988777766666666998889988998899666666668899777777777777777777766666666777777778899777766666666777777788997777777777778899777777777777555555555555555666666667777777788997777777777777777899777777779988777766666666998899886666666
99887777777777777777998866666666777777777778899998877778899777777777777998877776666666999977779988998877777777889977777777777777777778899777799889988998899886666666666666667777777799887777777799887777999977777777777777777777777777777778899777766666667777777799998899998877777777777766666666777777777777777666666668899777799887777889977766666666889988998899777766666666999999877777777889977777777998877778899555555555555555666666669988777777777777889977777777777777799887777777766666666998877776666666
66666666666666666666666677778899666666666666666777799889988777777779999889977776666666777799996666666677778899998877776666666998888999988998866666666666666666666666666666666666666688997777666666668899777766666666666666677778899998877777777889999997777777889966666666666666669988777799889988666666688997777666666668899777766666666666666677779988999977776666666699887777999977788997777889977776666666666666666666666669989988998877776666666677778899666666666666666666666669988777788997777666666668899777
99997777777788997777777777778899666666667777777998877778899777788999999666666666666666998899887777998866666666666666666666666777777777777998877777777777799887777999966666667777777777778899777788997777777777778997777777777778899998877777777777766666667777889966666666998877777777998877779999998889977777777998899887777998877777777777789977779988777777777777998877779988998899877777777777788998899889977778899666666669989988889977777777777777777777666666669988777777799997777777799997777777799887777998
77779988889977779988777799997777666666667779988889999888899889977778899666666666666666889977777777777766666666666666666666666998877777777777788997777777777778899889966666669988777799997777889977777777889977777779988777777777777777788997777998866666669988777766666666777788997777889977777777998777777779999777777779988777799999988777798888997777998877777777889977777777777777777779988777788997777999977777777666666669989988777777777777889988997777666666669999777777799889988777799888899998877778899998
66666666889977776666666699887777777799887779988666666666666666699888899666666666666666666666666666666666666666998877776666666666666666666666688997777666666666666666677788996666666677778899889999889988777777778996666666688997777777799996666666677779989999777766666666998888996666666677779988666666677779999666666669988998866666666666666666666666777799886666666666666666777799877778899889988998899889988997777777788997778899777799889988777788997777998899886666666998877779988777766666666889977777777998
77778899777788999988889977777777777777777777777666666667777998877777777999977779999777889977779988777766666666999988997777777889988998899889999888899777799887777998899899887777777788997777777777777777889977779887777889966666666889977777777999977777779988998888997777666666666666666688999988777889999887777999999887777998877777777666666699889988777777778899998899887777889977799887777777777779988777777777777889977776666666998899887777998899887777666666669988988998877779988777777779988998877776666666
77777777777777779988777799887777889977777778899666666667777777777778899777777777777777777788998899777766666666999999887777998777799887777998877777777777777777777998899888998899777799887777889977777777777777777778899889966666666777799887777777788999987777777777779988666666666666666699889988777777788997777777777777777777799887777666666677777777998877777777777777778899777799877779988777799887777889977778899889977776666666777777777777777777777777666666667777777777788997777998877777777777777776666666
88997777777777777777777788997777889977777778899999977777777777799889988777777777777899889988996666666677777777555555555555555999999999999777799887777889977779988998877777776666666677779999666666667777777777777778899889977779988998877777777777788997777777777777777777998877778899777755555555555555577777777889999886666666688999988999977777778899777788996666666677777777889977799887777777799997777777777778899777799996666666666666666666666688997777777799887777777998877778899889977777777889977778899998
77777777777788998899889977779988889977777777777777777778899998877777777998877779999899889977776666666677779988555555555555555777799889988998877777777777799888899777799899886666666677777777666666669988777799997777777777799887777777777778899889977777778899777799888899889999889988777755555555555555577779988889999886666666677777777998877788998899777777776666666677779988777777777777777777777778899998899887777889988996666666666666666666666699887777998899888899899998877777777889977779988777777777777777
66666666889977776666666677779988666666667779988777799886666666666666666777799889988777998888996666666666666666555555555555555666666668899889977779988666666668899998888999886666666677778899889977777777998899887776666666699997777666666666666666699887779988777766666666777788997777889955555555555555588997777666666666666666666666666666666699887777889999886666666666666666666666688997777777799886666666699887777666666669997777777788999988998899887777666666667777899666666667777998877779988998877778899777
99887777666666667777889988997777889999886666666666666667777777766666666777788997777777998877779999999977777777777777779988777777799888899777788997777889999887777889977788997777889966666666777777776666666666666666666666677777777777788996666666666666666666666677778899777799888899777766666666666666666666666999977777777998866666666999977777777777777799887777889977777777889977777779999777799887777777788997777889988997779988777777777777777788997777777777776666666777799887777777766666666777788998899998
77777777666666669988889999887777777777776666666666666669988889966666666777777778899777999977777777777777779988998888997777998777777777777998877779988889988997777777777788997777777766666666777788996666666666666666666666677778899889977776666666666666666666666677778899777777778899998866666666666666666666666777777777777777766666666777777777778899777777779988777799887777777777777777777889999888899777799999988777777777777777889988999988777777777777889988996666666777777779988999966666666777788999999998
99888899889999998899998888997777666666666666666666666666666666666666666666666666666666998899887777998866666666998877778899777889988996666666699888899666666666666666677788997777889999888899777788997777998866666667777999988997777777788998899777766666666666666688999999666666666666666666666666889777766666666889977777777998899887777666666688997777666666667777998877779988666666688999999889977777777998877779988666666666666666666666667777998877778899999977776666666666666666666666666666666666666666666666
77777777777788996666666699887777889988997778899777799996666666677777777999977779988777998899997777889999887777666666666666666777777779999777766666666777788998899777766666667777777777777777998877777777889977777776666666677777777998877777777998888997779988777799888899777777776666666677777777777777777779988777788998899777766666666777777777777777666666667777889999889988998877799887777998899888899889999887777777788997778899777799888899777777779988889977779988777777777779988777799887777666666668899999
88999988777788996666666677777777777777777778899889977776666666688997777777777777777899777788997777889999997777666666666666666998877778899777766666666777777777777777766666668899999999997777777777777777777788998996666666677779988889999997777777788997778899777799888899998888996666666699999988777998877778899777799889988777766666666889977788998899666666669999777777777777777788977778899777777779988777777777777998877777779988777777777777777799887777777788997777777777799887777777777778899666666667777777
66666666998877777777889999887777666666666666666666666666666666699887777777799997777899999977778899777788997777889977779988777889977779999777766666666998877777777998877788996666666699887777889977776666666688998996666666677779988666666668899777777778896666666677778899666666668899889966666666777998866666666666666666666666666666666777789966666666666666669988998899887777998877766666666777799889988777766666666889977776666666889977776666666666666666998899886666666889999889988889966666666666666666666666
66666666998899887777998877777777777777776666666777777777777777777777777777788996666666777799886666666677777777666666667777889777799889988777777777777889977779988777777799996666666666666666777788997777777799889887777998877777777777799887777998877777777777889977777777889977776666666677778899666666677778899998899887777777777777777777777766666666777799888899777766666666666666677778899777799886666666677778899777777779987777777788997777999955555555555555557777899666666666666666688997777889977776666666
66666666777777777777777799887777777788996666666889977777777889988998899777788996666666889977776666666699887777666666667777998889988997777998877779999998877777777777777777776666666666666666777788999988777777779998899998888997777777799889988777777778897777777777779988889977776666666677777777666666677778899777777777777889977778899889977766666666777799887777777766666666666666677778899777799886666666677778899889977777778899777777777777777755555555555555559988899666666666666666677779988777788996666666
66666666777788997777998888997777666666666666666666666666666666666666666777799887777899777799996666666666666666777799889988777777788996666666666666666998877779988777799888999988777777779988889977777777889966666669999777766666666666666669999777799889986666666699997777889977778899777777779988666666677778899998877779988777788997777889989988997777666666666666666677778899889977777779988666666669988777766666666777799886666666666666666666666655555555555555556666666998877776666666666666666998877777777999
66666666998877777777777788997777777788999987777998877779988777777779999777777776666666777788997777998877777777998899886666666666666669988777777779999777799888899998866666668899777777777777666666667777777766666667777777799887777777799887777889977779986666666688997777998877776666666677777777999998877777777666666668899889999888899889977766666666889977776666666699998899666666699997777777788996666666666666666777777777779988777788999988889966666666777777778899988998877778899777799888899666666667777777
66666666889977777777889988998899777799889987777777799888899998877777777777799996666666777777777777998877778899777777776666666666666667777777799889988777788997777889966666667777889977778899666666667777998866666668899889977777777777777777777777777777776666666677779988998877776666666699887777777999999888899666666667777777777777777777789966666666777777776666666699887777666666688997777777777776666666666666666777799889988899889977777777777766666666777788997777777777777777777777777779988666666668899998
99888899666666666666666699887777777777779987777777799886666666677777777999988997777777999977777777889977777777777777777777889777777777777777777778899777799889988777777777777777777766666666889999889988777777778997777777777778899666666667777777788997777777889977778899777799889988777766666666777777799887777777799887777777777779999777798877779988998888999988998866666666777799877778899777788997777777766666666889977777779999666666669988777777777777889977777777777998899999988777777779999777777779988998
99887777666666666666666677779988777788999989999889999886666666699887777998877779999777777777777777889999889988777799887777777998877779999777799997777889977779999889999877777777999966666666998877777777777777777777777998877779988666666668899777777777777777777777779999777777777777889966666666777998899887777777777779999889977777777777777788997777777777777777777766666666777799877777777777799998899777766666666777777777777777666666667777998877778899889977779999988777777777777777777777777889977777777777
66666666666666666666666666666666666666666666666666666667777889966666666666666666666666666666667777998866666666998899889988777777799887777998866666666666666669988998877788997777889977779988666666667777998877779886666666688999988666666669988889966666666666666677779999777788997777889977779988777998899887777666666669988777766666666666666666666666666666667777998877779988666666677778899666666669988998888997777666666667779988666666667777889999997777666666666666666666666666666666699889988998899889988777
77778899889988996666666677779999777777779987777998877777777998899888899998899887777899666666667777889999887777777777777777777998877776666666677777777777777776666666666666667777889999999988666666668899998866666667777889977777777666666668899998866666668899889977777777777788997777998899888899777777799887777777777779999777766666666998898866666666777799887777777777779988777788999887777998899887777999977778899998877776666666998877777777777777779988777777779988777777788997777777777779999666666667777889
77777777998899886666666688997777777799887777777998877777777889977778899777777777777777666666667777777777777777777788997777998777777776666666699887777777788996666666666666667777777777777777666666668899777766666668899777777779988666666669988999966666667777889999887777777777779988777799887777777889977777777777799888899777766666666998877766666666777777777777889999999988999977777779999998877777777889988999988889999996666666777777777777889999887777889988997777777777788998899998877779988666666668899777
88997777666666669999777766666666777799889987777889977779988777766666666889977779988777998877778899889999997777666666666666666666666669999777766666666889999887777889999877776666666699888899777788998899777766666668899777788999988998877776666666677778896666666699889999777788996666666666666666777998866666666889977777777889988997777777798888997777889977779999777777778899889988966666666777799888899998899889988998888997778899777799886666666699887777666666669988899777788996666666699999999998888998899998
77778899777777778899889977779988777777778899988889977777777998899997777889988997777777999977779988777777777777666666667777777998877776666666677777777999988997777777766666667777777777777777777777776666666677779889988998899888899777777777777998877779986666666688998899777777776666666677779988889777788999988999999889988998877777777666666677777777777799999999777788997777666666688997777998877778899777766666666998877777778899777777776666666688997777777777776666666889977778899889988999999889977777777777
88997777998877777777777799997777777788997777777777788999999889977777777777777777777899777777779988889988997777666666669988777889977776666666688997777777777777777998866666669988889988997777777799886666666677778997777777777777777889988999988777777777776666666699889988889988996666666677778899889777777778899777788997777889999887777666666699997777998899888899777777779988666666677779988777788997777777766666666777777777777777998877776666666677777777777799996666666777799887777777788997777777799889988889
99997777998877776666666688997777998877776666666998877778899777799887777777799887777899998877776666666666666666889977778899889999977776666666666666666998899886666666666666667777998888997777777799886666666666666667777889988999988666666666666666677778899988777788997777666666669988999988998899666666666666666666666666666666699887777889989999887777666666666666666677778899666666666666666666666666666666666666666666666666666666777788996666666677778899666666669988777777799889999889966666666666666667777998
66666666889977779999777777779988777777776666666889999886666666688997777998877777777899666666668899777788997777777777777777998777777776666666677779988889977776666666677799887777998877777777666666667777889977777778899777777779988998888997777998877777777777777766666666998877778899999966666666777777777779988666666667777777788998899889977799888899666666669988777766666666666666677779988777788996666666688997777998877776666666998877776666666666666666777777777777899666666667777777777777777998888997777777
66666666777799887777999977778899998877776666666777777776666666688999988777777777777899666666668899777777778899889977778899777889988996666666677778899777777776666666699877779999777788997777666666669988889999887779988777799887777777799887777777788997777777998866666666777788998899777766666666998889977778899666666668899998877777777998877777779988666666669988777766666666666666677777777889999886666666688997777777777776666666777799886666666666666666777799997777899666666667777889999888899889999887777998
77778899777777776666666677777777889988999987777777788997777777788997777998877779988777777777777777998877777777777799889988777777788999988777777777777777777777777777777777777777777788998899889977779988889977779889988889977777777666666667777777777778899988998888997777777799887777889966666666666666677778899777777776666666699887777998877766666666777777777777777788997777889999877777777666666668899777777777777998899887778899777788997777777777777777666666667777777777777779988777777777777777777777777998
77777777998877776666666688998899777799887777777777777779988777777779988777777779988777998877778899889999997777777799887777777777777777777889999999988777799887777999999988998899777799997777998877777777777788997777777777788997777666666667777998877777777777777788997777998877777777777766666666666666677777777998877776666666677777777889998866666666777788999988777777777777777799899888899666666667777777799887777777777777779988999977778899777777778899666666669999899777788997777999988997777999988999988777
66666666777799886666666677778899777799889997777998877776666666666666666666666666666666889977776666666688999988889977779999777889988998899889977779988889977779988777766666669999777799887777777788997777889966666666666666666666666777799888899777766666666666666677779988666666667777998899887777666666666666666777788996666666688998899777798877779988998877779988777777778899889977766666666998877778899998877779988998899996666666998899886666666677779988666666669988999889977777777998866666666889977776666666
77779988999988997777998899887777777799887777777777799886666666677779988777777776666666777799889988777777777777777799889988777777777777777777788997777999977777777777777777777777777777777777998877779988777788997777777777799889988666666667777998866666668899777766666666777788996666666677777777777777788997777666666668899777777777777777777777777777666666667777777788997777666666677777777777777778899777777779988666666669997777777799887777777766666666777788996666666777777779988998877778899777788996666666
77779988777777777777998877778899777777779987777777788996666666677777777998888996666666998877777777998877779988998877777777777777799888899777788997777777777777777998877788999988889977778899889977778899777777777779988998877777777666666669988777766666667777777766666666999977776666666677778899777998877777777666666667777777788998899889998888999988666666667777889999887777666666699887777777788999988889977777777666666667777777998877779988777766666666777777776666666998877777777777799888899777799886666666
66666666777799886666666688999988889977779987777998877778899998877779988666666667777988998877779988777799887777666666666666666666666669988998866666666998877778899777766666668899889966666666998899886666666666666666666666688997777889977779988777788997776666666699889988998877777777889966666666777999966666666998877778899777799889988777789966666666666666668899777777779988666666688998899998877776666666699887777999999996666666666666666666666666666666998877776666666777788997777998877779988998877779988777
88997777777799888899777799887777666666667779988999977777777777777779999777777778899777889977777777777799997777998877777777777777777777777777799887777998877777777998877799889988777777778899666666667777777788999886666666677778899889999887777889988997777777777799887777777777777777777788998899777999999887777666666669988998866666666889977777778899998877777777777799889988998899866666666777777778899998899997777998877777777777999977778899889988997777777799889999777666666668899777766666666777799889988777
99887777777777777777777777778899666666667777777777777779988999977779988889988997777777777777779988777799887777777777777777889998877777777998877777777777777779988777777777777777777799887777666666668899889999887776666666688997777998899999999777788999988899998877777777777788999988777799889999998889988999988666666667777777766666666777777799999988777777778899777788998899998877766666666998877777777777777779988777777779997777777799887777998877777777777788997777899666666667777998866666666998877778899998
66666666998877777777998888999988998877776666666777799889999777766666666889999997777899777799996666666666666666666666666666666777788998899777766666666666666666666666666666666666666666666666999988998899777799887779988999966666666666666666666666666666667777998866666666666666666666666666666666666666666666666666666669988889966666666998889999887777998877776666666666666666666666677778899998888997777998877778899666666666666666666666667777999966666666777799888899899666666667777889966666666666666666666666
66666666777799997777889977779988889988996666666666666668899777777779988998899998899988777777777777777766666666889977777777777889977778899777799887777777788996666666677777777777777766666666998877777777777777777777777998888997777889988999988777777779987777999966666666889977777777998866666666889998866666666889977777777777766666666999977788997777777777778899777766666666889977766666666666666667777777777777777777777776666666998877779988998888999988999977778899899666666666666666688997777666666669988777
66666666777799887777999999887777777799996666666666666667777889977779999889977779988777889977777777999966666666777777778899777889977778899777777779988777788996666666688999887777889966666666889988997777998899887779988777788999988777777778899777777777777777777766666666777799887777777766666666889889966666666998877779988998866666666777777788999988777799887777777766666666889977766666666666666668899777799889988777799886666666777777777777777788997777998877778899899666666666666666688997777666666667777777
66666666777799886666666699888899666666666666666777788998899777777778899666666669988988998877777777999977779988777788999988777666666666666666699889988999977779999777766666669988777777779988666666666666666677778996666666677779988777788996666666688997778899777799887777998877777777889977778899777889999888899998877779988889966666666666666688997777666666667777889966666666666666677778899666666667777998866666666777799886666666666666666666666666666666666666666666666889988996666666666666666666666668899777
