0. 100 100 4 ms. 5461 nodes
1. 100 100 4 ms. 5461 nodes
2. 100 100 5 ms. 5461 nodes
3. 100 100 4 ms. 5461 nodes
4. 100 100 4 ms. 5461 nodes
0. 200 100 8 ms. 5461 nodes
1. 200 100 7 ms. 5461 nodes
2. 200 100 12 ms. 5461 nodes
3. 200 100 8 ms. 5461 nodes
4. 200 100 8 ms. 5461 nodes
0. 400 100 14 ms. 5461 nodes
1. 400 100 15 ms. 5461 nodes
2. 400 100 16 ms. 5461 nodes
3. 400 100 14 ms. 5461 nodes
4. 400 100 15 ms. 5461 nodes
0. 800 100 31 ms. 5461 nodes
1. 800 100 30 ms. 5461 nodes
2. 800 100 27 ms. 5461 nodes
3. 800 100 31 ms. 5461 nodes
4. 800 100 27 ms. 5461 nodes
0. 1600 100 100 ms. 5461 nodes
1. 1600 100 55 ms. 5461 nodes
2. 1600 100 59 ms. 5461 nodes
3. 1600 100 57 ms. 5461 nodes
4. 1600 100 57 ms. 5461 nodes
0. 3200 100 128 ms. 5461 nodes
1. 3200 100 115 ms. 5461 nodes
2. 3200 100 112 ms. 5461 nodes
3. 3200 100 114 ms. 5461 nodes
4. 3200 100 235 ms. 5461 nodes
0. 6400 100 226 ms. 5461 nodes
1. 6400 100 228 ms. 5461 nodes
2. 6400 100 340 ms. 5461 nodes
3. 6400 100 228 ms. 5461 nodes
4. 6400 100 341 ms. 5461 nodes
