00010000000000000000000101010000000000000000000000000010000000000000000000000001000001000000010000000001001000000000000000000000000000000000000100100000000000000000100001000100000100000101100000000000000000000000000000000000000100000000010000001000000000000100000000000011000000000001000000000000000000000100000000000100000001110000000001000100000000010000000001010000000000000000000100000010000100001000000000100010010000000000001000000000000001000001001001100000010000010000001000000010001000011010
00000000000001000000000001000001000000000000010000000000000000000000000010000001001000000000000000000101000000000000001001000000000100000000000001100010000001000100000000000000000000000010000000000000100000011000010001000001000100000010000000000000000000000001000001000000000000010000010000000010000000000000001000100000000000000000000000000000000000001010100010000010000000001000000000001000000100000000101000011010000000000100010010000100010000000100001100100000000001011000110000000000000000000000
00001000000000000000000000100000000000000000100000000001000000000000000000000001000000010000010000001000000100000000000000000001010000000000100010010010000000100000000000001000000000000100000000010000101100010000000000100000000000110000000000000000000000000000001000000000000000000010000000000100000000000000000000000000000000000000000000000100100000000000000100000000000000000000000100000000000000001001001000000000000000000010000000100000000000000000000010000000010000010000000010000000101001000000
00000010000001000000000000000000000001100000010000110000000000000001000000000000000101000000000010000001000000000000001000001000010011000000100001001001000000000001010000001001100100000000000000001000010000000000010000000000000000010000000000000000000000001000000000000000000000000000110000000000000100000000010000000000110010000000000000000000100000000000000000000000001000100000001000000000000011000010001000000000000000101000000000000000001010000010000000000000000000000000010000000000000001010000
00000010100000001000001000000000000100000000000010000000000000010100000000000010000000000001100000000000000000000000000000000000001000000000100001010001000001100000111000001000000000000000000000000001000000001000000001000000010000000000010000000000000000000100000000100000000001000000000000100100010000100000000001000000000000000000000000000000001000000000000000010000000000000010000010100000000000000000000000000001000000000000000000010000000100000000000000000000000000010000010000010001000000000000
00000000001000000000000000000010000000100000000000010001000100000000000000000001010000000010010000000010100001100000000000000100000010000000101000001000100010000000000000000000000000000000000000000000000000010001000000100000000001001101000000011100000000000100000000000100000010000000000000000000000000000010000001010000000000010000000001010001000000000000000000000000000001011000000100000000100000000001000000000000000001000000000000000010000000000000000010000010000000100000000000001000110000100000
10000000000000001000000000010000000000000000000000000000000000000000000000000000000010000100000000000000100100000000000000000000000101000000000100000010000000000000001000000000000000100000000101000010100000000000000000010001010010000000000010000000000001101000000010010110000000000000000010000000000000000000001000000000100010000000000000100000100000000001000000000000010000000000000000000000000000000000010000110001000000000000100000000000010000000000000101000010000000010001000100000010000000101000
00000000000000011000000000001010000000000000000110000100000000100000110010001000100000000010100100000000000000000100000001000000001000000000000000000100000000001010010000000000000000000000000000000000010000000000000000000100000000010010000000000100100110000000000010000000000100010001000100000001000000000010000010000000000000000010100100000000000000000000000000010000000000000000000001000000000000000000000000001000001001000000000000100000000000100000001000000000000010000000000100010000010000000000
00000000000100000000000000100010110000000000001000000010000000000000010001000000010000110100000000100000000000000000000011000000000000000000000000000000000010000000100000000000000001000000010001100000000011000000100000000000000000000000000001000010101010000000001000000001001010000100000000100000001000000011001000000000100000000000000010000000000000000000010000001100100000100000000000000000000001000100000000000000000001001000000000000001000100000000000000001000000000100000010000000001000000001000
00000000100000000000000100000000100000000000000000000000000000000000000000000000000110000000000000000000000000000100000000000000000000010000001000000011000000100000010000000000000000000000010000000000000000000000100000101010000000000000110010000000000000000100000000010000000110010000000000000000000000000000000000000000000000010001000010100000000000000000000110000010110000000000000000000000000010100000010000000001000000000000000000100000000000000000000000100000010000000000000000000000000000000100
00000000000001000000000000100000000000000000000001000000000000110000001000000000000000001000100001000000000010000000100000000000100000100010100000000000000000010000000000000000000001000000000001000000000000001001000000000000000000000100010001000010000000100000000000001001000000010010100000000000000000000000000011000000010000000000000000000000000000100001000000000000100000000000000011000100000010010001000000000000000000000000000000000000100001000000000001000010000000000000000000001000010000000000
00100000000000000000000000000000100000000000000000000010101000000100100000000010000001110000000000000000000100000000000000000000000100001000010000000000010000000000110000000000000001000001000000000000000000000000010000000100000010000000001000000000000000000110010000000000000000000000000000000000000000000110000000000000000000000000000100000010000000000101000010100011000010010000000000000100101010000000000001000001000010000010001100000010000000000101000000000000000000000000000000000000100010000000
00000000000100000000000000000000000000000100000010001000000000001010000010100000010000000000010000000100000000000100000000000000000000000000000000000000100000000000000100000000000000010000000100000000000000000000000000010000001001000000000000000000010000000000000010001001011001000000000000000010000000001001000000000000010000100001000000000100000000000011000000000000000000100000000000000000000010001010000000000000000000000000001010000000000000000000000010000001000000000010000000000000000000000000
00000000100000000010000010000000010000000000000000000100000101000001010001101010000000100100000101000011000000000000000000000000100000000000000001100000000010000000000000000000000000000000100000000100000000001100100010000000000000000000000100000000010100010001000001000001011000000001000000000000000000000000000000000000000010000100001000000000000000000100000010000000000000000000010000000010100000000000000000000000000000000000000000000000000000000000000000001000000000100000000000101001000100000001
00000000000000000001000001000111000001000100000001000000011000000010000001000000001000000000000000000111001000000000000000000000000000000000000001000001000000001000010011001000000000000000000000000000000010000000011000000000000000001010000001000101000000000000000000000100000000000000100000000001000000000000101000000000000000000000100000000000000000000000000010000000000000000000010100000000000000000000000000000000000000000010000100000000101000000000000000000000000010000100000000000000100000000000
00010000000000000000000000000000000000000000000000000001100010000000000000000000000000000000100010001000100000000000100000000000000000000000100001000000000000010001000000000000000010000011000000000000001000000100000100000000100000000000000000010100000000000100000000000001000000000000000000010000000100000011000000000000000000000000001000000000000100100001000000010001000000010000000000000000000000000000000000000010000000000000100000011000100010101000000000000100000000000001000000100000000000000000
10000000000001001000000000000000001100001001010000000010000010000001000000000000000000000000001000000000000000000011000000000010000001000010000000000000000000000000000000000100100000000000000000010001000000000000000000000000000000001000000000110000000000000000000000000110000000000000110000000100000000000001000010000000010000000000000000000000000000000000000000000000000000000000000000010010000000000010000000000000001000000100000000000000000000010000000000010000100000010000000000000000000000000010
00000000000000000000100000100000100000000001000000000001011000000000000000000000000000001000000000000001000000000000000101000000000000000100000001000000000100000000000010010000000000000000000000000000000100000000000000000001001000001000010000000000000000000000000000000000000000010000000000000000000100000000001001001000000000000000000000000000000001000000000000000000010000000000000000000000100000000000000100000010001000000000100010000000000000000000000001110000000000001100000000001000000000000001
10000001000000000001000000010001000000000000000100000100000000000000000000000000000010011000000010001001000000010000000010000000000001000000000000010000000000000110000010100000010000000000000000100000001000100000011000000001000000100001000000000000001000101000010010000001000000000100000100000010010000010000010000000100000000100000000000000000100000100000000000000000000000000000000001000000001000000000000000000000001001000000000000000010000100001010000000100101000000000000100010000010000010000000
00000000000010000000001000010000000000000100000000000101000000000000100000000000000000000010000000000000000000001000000110000010000110000110010000000000001000000000100000000000000000000000010001100000000001000000000010000000001000000101000000100000000000000000000000000001000000000000000000100000100010000000000000100000010000100000000000000000000000001010000000001001000000000000100100001000000001000000000110000001010010100000000001001000100000000100001000001000001000010100000000010100000000000000
00100000000000001000100001000010000010000000000000000000000000011000000000000000000000000000000000000100000000000010001000001000000100000000010000000000000000100000000000000000000000000000000010000000000000000000000000010100000000000000000000000000000000000000000000000000000000100000000000000000000000000000000000000000100000000000000001100000000000000000001000000100000001000000000001100000000000000100000000001000010000010100010000001000000001000000000000000010100010000000000001000000000100001000
00000010010000110001000000000000001000000000101001000001000010000000000000000000100010110000001000010000010000100000000000110000000000000000000001100000000000000000000000000101000000010000001000001000000000010000000010000101100100000000000000000000000100010000000000000000000000100000000100000101000000100000000010000000000000010000000000000000000000000010000000001000000000010100100000000000000000000000000100000000100000000100000000000000000001000000000000010000000000000001000000000000000000000000
00000000000000010000000000000000000000100000000000000000001000001000000000000010100000010001001000000000000010000000000000000000000000000010000000000000000010000000010000010000000001000100000100010000000101000000000000000001000000010000000000000000000000010001000001000000000001000010001000000000000000000000000000000000000000000000110000000000000000000000000010000000000010000001000000000000000010000000000001000000000000100000000100100010010000100000000000000000000100000000100100100101000010000011
00100000000000000010000000001000000100010010001001010010000000000000000000000000000000010000000000000000010000000100000000000100000000000000000001000000000110000000000001000000000000000000011000010010100000010100000000000000000000000000000011000000000000000000000000000000000000010000000000000000000110000000000000000000000000001000100000000000000100000000000100011000000000000000100000001000000000010000000000000000000000001000000010010000000000000000000000010000000000100000010000000000001001011000
00000000000100001000000000100000000000010000000000001000010000000000000000000000100000000000000000101000000000000000000000000000000000000001000000001000000101101000010000100000010000001000010000000000000010000010000000001000010100000001000001000000000000000000000000000000001000000000001000100010000000000100100000000000000001000000000000010000000000000000000000001000100101001000000010000000000010000000010000000000000100100000100000000000010000000000001000010110000000000000000100000000000000000000
00000000001010000000010000000000100000000100000000000000000100100100000000000000010000000000100000000000100100000000101000100000000111000000000000000010100000000100000000000000000101000010000000110000000101000000100000000000010010000100000110000000000000101000000010000000001000000010000100000000100010000000000000000000000001001000000001000000001001000001010000101001000000000101000000000000000000001000001000000000000100110000001000100000010000000000001000100100000100001010000000000010000100000000
00000000000000000000000001000000000010000000000000000001000000010000011000001000000001000000000000000010000000000000000000010000000001000000000100000000000000010000000000001000000000000000000000010000100000000000001100001000000000000000001000000000100100000000001001000000000001001000000101000000000000000000000000000000100001010000000010100000000000001000000000100000010010010000000000000000000000000000000100000000101000001000000000000000000000000001000000000010000000001000000000000000001000000000
01000000010000000000000000000100000000000001100000100000000100000000000000010000000000000100000000000000000100000010000000000000000000010000000000000000100000000011000000000100000000000000010000011000000000000000010100001001000000000100100001000000000000000010000000000001000000000000000010000000000000000100000000000000001100010000100000011000000000001001000000000000000000001000010000000000001000100000000000010000000010001001000000001010000000000000000000000000000001000000000100000010000000000001
00000000000000010000010000000000001001000000001000000010000000000000010110010000000000010001001000000000000100101000000010000100000000010000000000100000000000000000000000001110000000000000000010000000000000010000000000000000000000000000010000000101100000000000000000000010000010001010000000000000000000000010000000000100000000000000000000000000000101001000001001000000000011000100010000000000000100000000001000000000000000001000000000000000000001000000100100000000000000010000000000110001000010100000
00000000000000000000000000001000000100110000010000000000110000000000001000000011000000000000000000100000000000000000000000000000100000000001001000000000010000000000000000000000000100000001001000000100000000100010000000010000000010010000000000000000000000000000100000000000010000000101010000000001000000101000000000000000000100000000010000000000000001000000000000000000001100000000000101000101110000000000000000000010000000000000000100000000100000000010100010000010000000000000000000000010000000000010
00000000000000000001001100001000001000000100000000011000100010000000000000000000000000000000000000000000110000000000000000001000000000000000000000000000110000000000000000000000000001000000000010000000000000100000000000000000000001000000010000000000000001010000000000000010000000000000000010001000001000000000010000000000000000000000000000000000000000101010000000000000000000010000000100101010111100000000100000000000000000000000000001000000001000000000000001000000000100100000000100010000000010010010
11000000000010000000000000000000000010010010000000000000110010000000000010100100000000000000000000011000000010000000000000100000001000000000000000000100001000000000000000000000000001100001000000000000000000100110000000000000000000000000000000010000000000000001000000000000000000000100000000000000010001000000010000000000001000000100000000000000000000001000000001001000100000100000000000000000010000000001000000010010001010000001000000000000000100000000110000000001010000000010000000010000010000000000
00000000000001001000010000000000010010000001000101000100100000000000101101000010000000000000001000000100000010000000000000000000100100010001000000000000001100000010000000001000000000000010000000000000000000000000000000000000010100000000000000000000000010000000000000000000001000001000000000000000010000000000000000000010000000000010000000000000000000000000000000100000000000000000000000000100000010000001100000000000000000000000100000000000000000101010000000000000000000010110000010000000000000000000
10100000000001000000001000000000000000000000000001000000000101000010000100000000000000010000101000001000000001000000000000000010010101000000100000000000000000000000000000000000000000000000001010000000000000000010000000000000000000000000000000000000000011000000000101000000000000100000000010000000000000000000000000000000000000000000000000000010001000100000000000000000000000000000000110000000000000000000001010000010000000100000010100000001100000000000000000000100010000000000000001000000010000000000
10001000000000000000010000000000000000000000000000000000000000000001000000000000000000010000000010000001000000000000010001100000100000000001000000000000000000000000001000000000000100000010000010000000000000000000000010100010100000110000001010000000000000000000000010000000000000000000001000000000001000000000000000100000000000001000000000000010000000000000000000010000001100000001000000000010110000000000000000000100000010100000000000000000101010000000111000010000000000001010000000000100000000100000
00000000000000000100001000000000000000000000100100000000000000000000001000000001000000001010010000000000010000000000000000000000010101000000000000101000010001000000100001000000010001000000000000000001000000000000000000010000100010000000100000000000000001000000000000000000000000010001000000000000000000100000100001000000000000000100000110010100000100100000000010000000000000000000000100011000000000000000000000000000110000000000001000000100100000000000000001000010000000100000100000000000000100000000
00000000000000001000000000010000001010000001000000000000000000000000100000000100001000100000001000000010100000000000000000000100000000010010000001000000000000000000000000000000000000000000000110000100010000010000000001010000000100000000000100000000000000010010000000000000000000000000001000000000000010000000000000010001010000000001000000001000010000000000000000000000100010000100000000000000000000100000100000000100000000100000000000000000000000000001000000010000000000000000000000100000000000000000
00000000110000000000001000000001000000100000000000001000000000000000000000000100000000000000000000000000100000000000000000000001000000000000000000000001000010000000000000000000000001000000000000100000001000000000000000000000001000000000000010010000110000000000000000000000001000000010001001000001000100000000000000001000010000000000000000000100001000000000010000000100000000100000000001000011000010000000000000010001010001000110000000000000000000000000000001000000001101000001000000000000000000000000
00000000000000000010000000000100000000000000000000000100000000000000000000000000000000000000000010000001000010001000000000000000001000000010010000000100000000000000100000000000000000000010001000000011000000000000000000010000100000110000100010000000001000000000000000000100000000000000000000100000000000000000011000000000010000000001000001000000000000000001100000010100000000000001000000100001000101000000000000000000000010000000000000000100000000001000001000001001000100000000000010100000000000000000
01000000000000000000000000000000000000000000000010000000000000000010000000000000000000000001000000000000000000000000000000000000000000000000000000000000000000000000000000100000000100000000010000000000000000000000000000000000000001000000000000000000000000000000001010000001100000000001010101000010000000010000001010000000000000001000001010000001000001001000000001000000000000000000010000000000000010000010000100000000000000000000000000000001010000000000000001000000011000001000000100100000000010000000
00000000000000000000010000010000001000010000000000000100000000000000100000010000000000001010000000000000000100000010000000000000000000000000000000010000000000000000010000000000000000000000000001000000100000000000000000000000000000100000000000000000010000000000000000000010000000000000000010000000000000000000000000100000000000010000000001000000000000000000000000000100101000000000000000000000100000001000000001000001000000001000000000000000100010000000000000000000000000100000000011001000100000000000
00000000000000000000000000000000000000100000000000000000000000010000000000000000000000000000010000000001000110000000000000000000100010001001000010000000100001001010000000000000000000010100000000101100000111000000000000000000000000000100000100100001000000000100000100000000000101001010000000000000000000000000000000000000000000000000000001000000100000000000000000000001010000100000000000000000000000000000000110000000000001000000000001110000000000000000000000000000000000000000000000000000000000110000
00000000001001000000000000000001000000001000001010101100000010001010010000000000000000000000000000010100100001000101100000000000000000000000000100010000001100000000101000100000000111010000000000000001010110000000000100010000000001001000101000000000000000100000000000000100000000001000010001000000000001000000000000000000010100000010011000000000000000000010000000000000000000000000000000100000100000000000000000000100000000001011100001000000000000000001100100000000000001001000000000000000001000000000
00000000000000000000000000000000010001000000000000000100001010000000000000000001000000000000000000000000000000000000000100000000000000000000000000000000000000000000010011100000100111000001000000100000000100000010000000000000000000000100100100010001000011000000000000000000010000000100000001000001000000000000100000000000000000101100000001000000001010000011100100000000000000101001011010000000000000011000000000000000000010000000011000000100100000000110000001000001100000000100010000000000000000100000
00000000000000000000001000000000010000000000000000000000000000100000100010001010001100100000001000000000001000000000001000000001010000000000000100000010000000000000000000000000000000000000000000010000000001000100000001000001000100000000100100000000000101000010010000100000000000000000000000000000000000010000000000000000000000000000000000100000000101000000000000000101000001000000010000000000100000000000000000000000000000000000000010000000000000101000100000010000000001000000000000010001000000000000
00000000000000000000010000000001100000000000011000000011100000000000000000000000000000000100000000000010000000000000000000000000000000000000100000000010000000000000010010000000000000000010010000000000100000000000000000000000000000001000000000000000000010000010000000000010000000011000000001000101000000100000000000000000000000000010000000000000000001011000000000010000000000010000000010000000100000000000000011000001010000010000000000000000000010000000000000000000000010010100000000000000000000001000
00000000001000000000010000000001000000000000010010000000000000100000011100000010001000000000010001000000000000000000000000010000000000100000000001000000000100000011000000000000000100100000000100000000000000010001000000000000000000000101000000010000001000010000100000000000000000000001000000000000000010000001001001000000000001000000000000000001000010000000100000000010000010000000000100000000000010010001000000000000001000100010000010000000000000010000010000000000000100000000000000000000000000110000
00000000000000000001000010000000000000000000001000000010100000100000000000000000000000000000000000000000000100000000100000011000000000000001000010100000000010000000000001001000000000000000000010000010100000000010000100001000000000000000000000001000000010000001000010000000000000000000000001000001000000000000000001000000100000001000000000000000010000010000000000000000000001000000000010101000000010000000000001001010000000000000010011000000000000000000000000000000000000000000011000100000010010000000
00010000000000000100100000001100000000000000010000100000000000000000010001000001001000010100000000100000100000000001000010000000000101010000000000000100001100000000000100000000000000000000000000000000000010000010000001000000101100000001000000000000000000000110001000000001000001000000010000100001100000100000000000000000000100000000000000100000000000000000000000000000000000000000000000000110000000000000000000001000000000000000000100000001000000001000000000000000000000010000000000010000000000000000
00000000000000010000000010000000000000000001000000010000000000000000000000000110000000000100000000000000000000000000000000000000000100000000100000000000000000000001100000000000100000000000000000100000000000000100000000000000000001000000000000100000000100010010001010000000000000000000000010000000000000010000000101100000000000000000000000000000000000001000000000010100010010000000100100100000000000000000000000000001000000000000000000000001000001000000000000000000000000000000000001000000001000000110
00000000001000000000000000000000100000100000000100000000100001100000001000000000000000100000100100000000000001010001000000000000010000100001000000000000100001000000000000000100000000000000000000010000010000000000001000000000000000000000000000010000000100000000000000000000010000010001000001101001000000000010000000000000011000000000000000000011000000000000000000000001000000000000000000000001001000000000010001000100000000000000010000000000000000000000000000000000000001000000000000000000000000000000
10000000001000000000010000000000000000000000001010000000000001010000000000000000000000001001000000000000000000000000000000000000100011000001000001001000000000001000000000010000001001000000000010000000110000000000000001011000000000000010000000000000000100000000000100000100000000000001000100100000000000000001000000000000000000110000010001000000000000110000000000100000000010010000000000000000000000000000000000100000000000000000010000010000000000000000100001000000001000010000000010000000000000010000
00000001000000000000000000000010000000000000000010000000010000001000000000000100100000000000000000000000000000100100000000001000000100000000000000100000000000000000000000000000000000001000000000000000000000000000010000001000000000100000000000000000000000000000010001000000100110000000000000000000001000010000000000000000000000000000000100000000000000010010001000001000000000010000000000000000000000001010000000001000000010010001110000000000000000010000001000000001000000000000010000000001000010000000
00000000010000010000000000100000000000000000000000010000000000000000000000000000000000000000000000001000000001010000100000000010000000000000000000011000000010000000100110000000000000000001000000000000000011000100100010000010000000000001010000010000000000000000000000000000100001000000000000000010100100000000000000000001000100000000000000001010000010010010000100000000000000001000000110000000001000010000000000000100000000000001000000100000000001001000000000000010000000000000000001000100000000000010
10010100000000001010000001000000000000000000000000001000000000000001000000000000000110000000100000100000000000100100001001010000000000000001000100001010000000000000000000000001000000000000000000000000000000110000000000000000000001000000000000000000010000000000000000000101000000000000000001110000000000000000000000000000001001000000001001000000000000000000010000000001000000010010100000010000000000000001000000000101000000000000000000000000000000000000000000000000000000000010000100000000000000000000
01000000000000000000010000100000001000000000000000000001000000000000001000000010000000000000000000000001110100100000000000000100000000000010000000000110000000000000000000100000000000000100111101000000000000001000000000000000000000000000000001000000000000000001100000000000000000000000001000100001000000100000000000000010000000000000000000000001000000000001000000100000000000001000000000000000001000000000000100000000000000000001000000000000100000010011000000000010000000100011000000000000010000000000
10000000000000000000010000001000000000000000000000001000000000000000000000000000000010000100000101000000000000000000000000100000000000000000000011000000000100000000000000000001001000000000000010000000000000100000000000000000000000000000100001000000000000000000001000000000000000000000010000000100010000000000000001000100000000000000000000110100001000000000000001000100000000000000100000000001000000000000000000000000000000000100000000000000000000000010000010000000010000010100000000000000000000000000
10001101001000000000000000000000000000001000001000001001000000001000010011000101000001000000001000000000010001000000000000000000000001000010000000000000000000000010000100000000000001100000000100000001001000000001000000000000000000000000000001000000001000100000001001000000001010001000100000000000000000000010010000001000000000000000001000000000000000010000100000000000000000000000000000000000000010000000000010000000100000001000010000000000000000000100001000000000000000000000000000000000000010000000
00000000000000011000100000000010000100000001000000001000000000000000100000000000000000000010000000000100000000010000000001000000000000000010000010000000100000000000001001000000000000000000000000010000000001000000000000000001000000000000000000000000000000000000010000000000100000000001100000000000000010000000100000001000000100000010000000000000000000001000100000000000000000000010010000000000000010010000000000000000000000011100000000000000000000000100000000001000000000000001000000101000001000000001
00000100000000100000000000000100000101000000010000000000001110000010100010000000000010000000000000000000000000000011010000000000000000001000000000000000000000000000001001001001000010000100000000000000000000101000000000000010000000000000000000010000000001000000000001000010000100010000010000000000100000100001000001000000000000001000000100000000000000000000000000100000000000000000000100000010000000000001000000010000010000000000000000000100000000000000001000001000000000000000010000000000100000000000
00100100001000000000010000000000000000000000000000000010000000000100000000000000001010000000000000000001000000000000000000000001000000000000000110000000100000000000000100000000000000001000000000000000000000000000100000000000000000000100000000000000000000000001000000000001100100000000100001000000100000000000100000000000010000000000000000000000000000000100100000001000011000010000000000100000000000000000000000000000000000000100000000000010000000000000000000000011000100000010000010000000000000000000
00010010010000000000000000000000000010000010001000000000000000000000001000000000010000001000000001001000000100000000100010000000000000000000010001000000010100000000000000000000000000000001000010000010001000010010000010001000000000000101000000000011000010000000000100001010000010000000000000000000000001000000000000000000000100000000000000000100000100000000000100001000011000000010000000000000000000010000000000000000001000000000000000001000000000000001000000000000000000010000000000000000010000000000
10000000001000100000000000000000000100000000000000000001000010100000011000010000100010000010000000000000001000000000001000000000000000000000000100000000000000100010000000000000000000000000000000000010000000000000000000010010000000000000000001000010000100000000000000000000001001000001000001000000001000000100000000000000000000000001011000111000010010000000000000000000000000000000100000000000000000000000000101010000000000010000000101000000000000000000000010100000001000000000100010000000010000000000
00000000000000000000000000001000000000100000000000010000000100100000000000000000001000000000000000000000000000001000000000001100000000110000000000000000100000011001000000000000000001000000000000000000000000000100000000010000000000000000000000000000000001000000000000110000000001000000010000000000000100100000000000010000001000000000000010000100000000000000000000001010000000000000000000000001010000100000000101000000010010000000001101000000001000000000010000000000001001000000000000100001100000000000
00001001000010010000001010101010001000001100000000000000010000000010000000010000000000000000000000000010000010000000000100010001010100000001111000000010000000001000000100100000010000001000000100000000001000000000010010000000100000001000000000000000000000000000000100000000000010000000000100000001000000000000000000000000000000000001000000000001000001000001000000010000001000001000100000001000000000110010000000000000000001000000000001000000000100000000000100000000000011100000000000000000000000000000
00000000000100000000000000000001000000000000000000101000000000000000000000000000000000000000100000000000010000000000000010100000000000000000000100000000000001000000000000001101010000000010000000000110000000000000000000000000100000000100000000000000000000000000100010010000000000000000000000000001000000000000000000000010000001011000000000000000000000000000000000000101000101000010000000000000000000000010000000000000000000000000001001000100000000001000000000000010000000000000000100001000000000000000
00010000000100010100000000100000000000000000001000001000010001001000000000000001000100000010100110010000100000000000000000001000000000001000000000010001000000000000000000000000000000000010000101000010000000000000000000000000000000001000010000000000000000000001000010001000000000100001100000000000000000000000000000000000010000000000000000000000001000001000000000001000000100000100000000001001000100010001010000000100010001000010000000010000000001100000000000001001000000001000000001001000000000001000
00000010000000010001000000000100000000000000010100000000000101000100000000000000000001000001000000000001001000000001000000000000000000000000000000100000000001000100000000000100000000100100010000100000000000000100000000101010000000000000000010000000000000000100000000000000000000110000000000101100000000000000000000000000010000001010000000100000010000000000000000000000010000000000000010000000000000000000000000010000001000010011000000000000000000001001000010001100100001000110000000000000000010000000
00000000011000000000010000000000100010000000000000000000001000100100000000000000000000000000000000000000010000000000000000000000100000000010000000000000000000000010000000100000100010000000000000000010000000000000000000000000000000000000000100000000000000000000000000000000010101000000000000000000000001000000000000100100000000000001010000000000000000000000010100010000000000110000000000000000000000100000001000010000000000010000000000000000000000000000100000000010100010000110000000010001000000101000
00001000000000000000101000100000000000000000000000000000000000000000000000000000000000000010000000000000000000000000001011000000100000000000000000100000000000010011100010001000000000100001100100000000000000000100000000000010000101000100010000110101000000001010000000000100100000000000000100000010000000000001000010000000000000000100100000010100100000000100100000000000000100000000000000100100000000100000000000000001000000000010000100000000000000000100010000000000011010000000000000001000000000000000
00010000000000100010000001000000011110100011000000000000000001000001100000101000010001000000000000000000001000000110001000010000000000000000000000000010000000000000001000000001000000000000000000000010001000000000000001000100000100000000000000000000100001000000000000000000000101000000000000010000000000000000000000100000000000000010001000000010001010100000000000000000000000000000010000000000001000000000000000000101010100000000000000000100000000000000000000000000000000000000000000000000010010000100
00001000000000000000000000000000000010000000001100000000000110000001000000000000000000000000000000000000000000001000000010000000000000100000000000000000000001100010000000000000000100000000000010000111001000000000000000010000000100000001000001010100000000000000000100000001010000000000010000000001100000000000000001010000000000000001000000000000000000000000000000100000000100000000000000000000000000100000100000000010010000110001000000110000000000000100000100000000100000000000001100000000000000000000
00000001011000100000001001000000010000000100000000000000100000000000000000000001010001000000100000010000100000000000001000000000000001000100000000000000000000000001000001100010100000000000000001000010000000000000000000100000000000000000000000010001000100010001000001000001000000000000000010000000000000000100000000000001000000000000000000000010000000000000000000000000000000000000000000000000000000000000000110000000000000100100000000000010000000000000010001100000000100000000100110000001001010000000
00000000010000001000000001000100000010000000000000000000000000001000000000000000000000001000000000001000000000000000000000001000000000000001000000000000000000000000000001000000001000110000001000000010000000010000000101000000000000000110000000000000000001100000000100000000000000000000000100000000000000001000100000000000000000000100000000000101010000000000000000010000000010000000000000010000000000000100000000000000000000000000000010100000000000000000100100000000000100000000110000000000000000000000
00000010000000010100000001000000000000000000000000000010000010000000000000000000000000000000000000000001001000000000000000000000000010100100000100000000000101000000000000010010000000100000000010000000000000010000000001000100011000000000101000000000000000000000000000001001000000000000010000000000000000000000100000000000000000000000000000000000000000000000001000000000100010000000000000000000000000000001000000000000000000010000000001000000000000000000101100011100000000000000000110000000000000100000
00000000000000000010000010010000000100000000000000000010010001000010000001000010000000000000000000000010000000011000001000000000000000101000000000000000000000000000000000000000100100000001010000100000000010000001000000000000000000000000000000000000100001100000001000000000001000100000100000000000000000100000000000100000000010000000000001000000100000000000000011000001010010000000100000100000000010000000000000010001000000000000000000000001000110000000000000000000000010000000000010000000010000000001
00000000100000000000000001000000000000010001000000000010000000100000000001000000000000000000000000000000000100010000000001000010000010000000000000000000000000100100000000100000000100010000010001000100000010000100000000000000010000000101000000100000000100000000000010100000000000100100000000000000000000000001000000000100000000000000101100100100001000000000001000000100000001011000001001000100000010000000100000000000101000100000000000100101000000101010000001000000010000000000100000000000000000000000
00000010000000000010010000000000000000010000001000010000000000010000000000100000000000000000000010000000000000000000100000010000000000101000000000000010010000000000100001110010011000000000000000000000000000000000000000000000000000100000000000101000000000000000000100000000000100001010000000100010000000000001000000000000000000000000000000000011000010000000000000000000000000011000000000000000000100000100000001000000010010000000000100100000000000000000110000001000000000000100000000000000000000000100
00000000000000100000010100000000100000000000000000000000000000000100001100100001000000000000000000000000000000010000000000000000000000001000100000010000100000000000000000000000000010000000001000001000000001000000000000010000000000000000000000000110000000001000000010000000001100000000000110010000000010000000010000000000000000000000000000000000000000000000000000100000000000000000000000000000000000000000000000000000000000010000000000100010001000010000000010100000000110000000010000000000100000000001
00000000000000000011000000000000000000011000011000010000000000000010000000000000000001000100011000000100010000000000000000000000000000000000000010000001000000000000010000010000000000000000000000001010000000100000001000100000100000000000000000011000000000000000000010000000000000100000000100000000010000000010100000000100000010000001011000000000000110000000100000100010001000000000000001000001000000000000000000000000000000000001000001001000000000101000010000000000000000000000000000000000000000000000
10000001000010000001000010000000000001000000010010000000000000000010000110010000000000000000000000000000000000001000000000000000000000000001000000000000000000100000000000000100000000000001100000000011000000000000000010000100000000001000000000000000000000001000000000000000000010100001000000010000000000010000000011000000000000000000000001000000000000010011000010000000100000010000000001000110000000000000001000000010000001010000010000000100000000001000100010000000000000110011010010001000000000000100
00000001000000100000000010000000000010000000101000000010100000000100100000000001011000001000000000000000000010000000000000000000000010100000001000001000010000100001000000000000001000000000000000000010000000000000000000000000010000000000100001001000000110000000000001000000000000000000000000100000000000100000000000000000000000000010000000000000000000010000000000000000000000000000000000001100001000000000000000000000000000001000000001000000000000000000010000000000001000000000010010000000000100000000
10000000000000000000000000000000000001000010000000000000100000000000000000000010000100000000000000001000100100000100000000010000011000000001001000001010000000000000000000000000000001010000001000010000000001000000000010000001000000000100000000000000000000000000000001000011000110001000000100001010001000000001001000000000000000000000000000000000010001000000000000000010000000010010000010000000000000000000000000010000000000000000000000000000000000000000000000000000000000100000101000000000000000000000
00000100000000010000000000000001000000000100011000000010011000001011000001000110000100000000000000000000000000000000000000000000000000100000000000000000011000000000000000100000000000001000000000001000010000010000000000000001000000000000000000000000000011000000000000000001000000010100000000000001000010000000000000000101000001010000000000000000001000000000000100000000000000001000000000000100000000000100010000000000000001000000000000000000000011000000100001000001000010001010000000000000000100000000
00000000000000000000010000001000000001001000000001000000000010000101000000100000000001000000000000000000000000001000000000001000001000010000000000000000100010000000000000000000000000000000001000000000000000100000000000000000000000000000100000000000100010000001010000000010000000000000000000001001001000001000000000000000100000000001000100000000000010000000000000000000000000010000000000000010000100001000011100000000010000000001000000000000000000100000010010100010000000000010000000000000000000000000
00000000001000000000000000000100000001010000001000000000000000000000000000010000000000000000000000000000000100000000000100010001000000000000000000100000100000000000100000100000011100000100000001000001001000100000000000000100000000000000000000000000000000000000000010100000000000000000110000000000000000000010100000000000000001001010000000000000000000000100000000000001000000000000000000001000000000000000000000000001000000010000000000010000000000001000000000000000100000000100100000000000000000000000
00000010000000001000000010100001100000000000000000000101000000000000000000000010000000000000000000000000000001100000000000000000000000000000011000000000100001000000000000000000000000000000000000000000000000001000000000000000000001000010100000000000100000000000000000000001000000000010000100010010000000100000000000000000100000010000010000000000000001010000000000000000010001000000000000000000000100000000011000000000000000000000000000000000000100001000000000000001001000000001010000000001000000000000
00000010000000000000000001001000101100000001000000000001001000000000000000000100100000000000000000000010000110001010000110000001100100000001100010011000100000000000000001000010100000000000000001010000010000000000001000001000000110000000000000000001101000000000000000000000000000000000110000000010010000010000000000000001000000000001000001000001000000000000000000000000000000000001000000000000000001000000000000000000000000000000000010001100000010000110100000000000000000000000000100000001000010001000
00000000000000000000000011000000000000010101100000010001000000000010000000000000000000000000001000000001000000000000010000000100100010000001000001000000000100000010000000000000000010000000000110000000000000000000001000001100000000000000000001100100000000000100001000101000100000000000000000000000000000000101000001000000000000000000000000000100110000100000000000101100000000010000000000000000000001000000000100000000000000000000000100000000000000000000000100000000000000000100000100000000000000000000
00000000000000000011010001000011000000000000000000000100000000001100010000000000000000000000000000000000100000000000000000000000000000000000000000000000010000000001100000000001000000000000001100000000000000000010000000000010000000000000000000000110000000000000000000000000000000000000000000001000000000000000000010010000010000000000110010010000100000010000000001001000000000001000000000010000001000000000000000000100000000000000000000000000010000010010001000100000000100000000000000000000100010000000
00000000000000000000000000010000000000000000000000000000000000010000000010000000001010000010000000000000010000000000000000101000000000010000000100000000100000000000100000000000000000000000010010000011000010000000000000000011000010000000000000000000000000000100100000001100000000001000100000000010000000010010000000100000110000000001000000001000000000000000000000001000000000000000000000110001010000000001000000000000000000000000000000000000000000100110000000000000000000000001000001000000000000010000
00000000000000100001000001000100110000000000000100000100000000000000000001000000000000000100010000110000010000000000100000000001000000000000000101000100000000000100000010000100000000000010000100000000000000001001010010000000000000100000000000000000000100000001000001000000000000000000000000000000000000001000010000000000011000001000010100000000000100000000000001101010000000100000011110000000100000000100000000010010101010000000000000100000000000010000000000100100101000000000000000000000000000000000
00000000011001000100000000000000000000000000000000000000000000000000000000000000000000000000000100000000001000000001000000100000000000000001000100000010100100000100000000001000000000000000000010000000010000010100010000000100000000000000000000000000000000000001000000100000100000000000000000110000000000000000000000000000100000000000000000000000001010001000000000000000001001000000000001000000000000000000000000000000001000000000000000000000000100000000000000000001001000000000000010000000000010011000
10010000000000000000000000000000000000000000000001010001000000000000000010100000000000000000000000000000000000001000000000000000000000000000000010000010000000000000000001000000000000000000000100011000000000000000000100001000011000000100000000000000000000000000100000010000000100000001000000000000001000100000000001000000100001000000000000000000000000000000000000110001110100000001000000000000100100000001000000000010000010000000000000000100000100001000000000000000000000000000000000000100000010000101
00000000010010000000100000000100100001000010000000100000000010000000000000100000010000000100000000010000000000000000001100010000000100001100000000000000000000010001000010000000000000000010100100000001000001000000000000000010001100000000000000100110010000000100000000000010000000000000001000010100001000000000100010000001000010000000000001000101000000000000100000000000000001000000000100010000000000010010000000010000000000000000000000000000000010000000000000100000010000000000000000100000000000000000
01000100000000000111000000000000101000000000000000000000000100000001000000011000000100000000000000010000000000010000000000100100000000000000000001100000000000000000000000001000000000010101000001000000000000000000000000010010000000000000000000000000000000000000000000000110000000000000000000000000000000000000000000000101010000000100000000000000000000000000000000000000000100000000000000001000000100000000001100100000000100000000001010000000100000100000000000001000001010010000010100000001010010000000
00001000000100000001011000010001100010000000000000000100000000000000001100000000010000000001010000000011000000000000000000000000000000010000100000010000000000000010000000001100100000000010001000000000101000000000000000000001000000000000000000000000000000010000000010000000100000000000001000000000000000100000000000100101000000000000000000000000000000010000000001000001000000000001000010010001110000000001000000100010010000000000000000001000100000000000000000000000100000000001001000000010000000000000
00000000000000000010100010000110000000000000000100000011010010000000000000110000000000100000000000101010000000100100010000001000000000000000000000000001000000000000000000000001000000100000000000000010000000000010000000001000010100000000000000010001001000010000000001000000000000000001000010000000000010000000000010010000000000001000000000000000000100000001100000001000000000000000100000000000000000100000000000000000110000000000000000000000100000000000010000000000000000100000000000000100000101000000
00000000000000011000000000000000000000000100001000000010000000000000000000000000010000000000000010000000000011000001000001000000000000000000000001000001100000000000000001010100000001000010001000000000001000000001010001000001001000000010000001000000000010000000100000000000000000000000100100000000000000000000001000011010000000000000000000011000000100100001000000000000000000000000011000000000001100000000000001000000010000100000010000000000000000000000000000000000000001000000000001001010001000000000
00000000000000000000000000000000000000000000000101000000010000001000000000000000001000000000000100100000100000000000000000000010001000000000000000000000000000000001000000000000100000000010000010010100000000000000010001000100000000000100000000100000000000000000000000000000001000010000000000000001001000000000010000010000000000001000000000000000000000010010000000000010000000000100100100000000000000000010000000000000000000000001000000100001001000000000010000000000000001000000000000000000100000000000
