00000000000000010010000000001000000000100000000000000000000101010000101000001000000000000000000000000000000000000000000001000000000100000000000010000000000000000000000100100000000000100010001100000000000000000000000100000000000000000000000000101000000000001000000000001000000001110000000010000000000000000000000100000000000000001000000000000000001010000000000000000000000100000000000000000000000000001100000000000000000010000001000000000000000000000010000000000000010000001001000000000000000000000101
00100001001000000000000010100001000000100000000000000000000000000000000000001000000000001100010000001100010000000000000000000000101000000000000000011000000100000000100000010000001000000000000000001000000000000010000000000000000000000000000000000000000000000000000000010001000010000000001000000000000010000100001000001000100100100000000001000000101000000000000010001000000000000000000000000000000001100001000110000011010000000100000000001101010000100001000010001100010000101001001000010000000000100000
00100000000000000000000000100000000000000100010000000000000000000000000000000000000001000000000000010000000010000100010000001001000100000000100000001001100110000000000001000000000000000000000000000000000000001100000000000000000000000010011000000000000000000000100000000000000010000000000000000100000000000000000010010000010101000100000100000000000000000000000000000000000000000100100000000000000100000000000000000000000000000000000000000000001000010000010000000010000000000000000000010000100000000000
00000000001000000000000000100000000000000110000000000000000000000100000100010000000000000001000000100000001000000000000000011000000000000000000100000001000001001000000000001000010000000000000010000000000000000000100100000010000000000000000000000000000000000110110010010000000000000000001000000000000010000010010000010000001000000000100000000000000000001000000000000000000001000000000000100000010000000000100000000001000000001000000000010000000000000000010000000000000000000000000000001000000000001000
00000000000000000000000000100000000000000000000000000000000000000010000000000000100010100000000000000001000100000001000100000000010000100000000000001000000000100000000000000000001000100000000000001000000100000000000000000000000000000010000010100000000000100000000100000010000100000000000000000000000000000001000010000000000100000000100000000000000000000000000000000000001000000100100000000000000000000001010000000000000100000000000000110000000000001001010000000100100000000100000000001000010100000000
00001000101000000000000000001000001000001000100000000001000000101100000000100000000000000100000000100000000010001000000000000001000001000000000000000000000000000000100100011000000100010000000000000000000000000000000000001000000000001000011000000000000000000000010000100000010000000000001000000000000000010000000001001000010000000000000000000001000000001001100000100000000000000100000001000000000000000000001000010000000110000000001000000000000000000010001000000000010000010000000000000000000000000000
01000000000010000000011000000000000000100000000000000010000000000001001000000000000000000100100000100000000000000110000000000000000000101000000000001000001100000100000000000000000010000100000100000000000100100000000000000010000100000000000000001000000000100000000110000001000000000000000000000000000000010100000000100000000000000001000000001000000000000000000000000000000101010000000000000000000000000010000010000000100010001100000000000000000100010000000000000100000011000000000000000000100000000000
00000010000100000000101000000000010000000000000000000010000000000000000000000000000000000001100000000010000100000001100000000000001001000010000000000000000000000000001000000000100000010000000000000000000001100000100000000100000000000000000000000000001000000000000000000000000000000001000000100000010000010010100010000000000100000000000000000000000000000000000000000010000000100001000000100000000100000100000000000001001000001000000000000000000011000000000000000000000010010000000000000000000000000000
00000000000000000100010000001000000100100000000000000000010000000000000001000101000000010000001001000000101010000000001000000100000010000000001001000000000010010000010000000000000010000000000000000001100100000000001000000010000010000000000100110100000100000000010000000001000000011010000100000000000000000000000100000100100000100001000000000010000000010000010100000000010100000100000010101000001001000000000000010010000000000000000000010000000100001100000100000111000001000000000000000000000000000000
00000000000000000000001000000000000000000000000010000000000000000000001000000000000000000000100000000000000001000000000000000001000000000100100000000000000001000000000000001101100000000000001000000011010000100000100000000000000000000100000000011000000000000000000000000000000000000000000000010000000000000000000000000100010000000000000100000000000001001100001000000000000000010000000000000000000100000000000000000000000100000000000000000000001000001110010000000000000000000000000000001000000000100010
00000000000000000001000100000000101100010000010000000000001010000000000000000000000010000000100000001001000101010000000000000000001000000001000000000000000000000001000000100000000000000000000000001001000000000000000010000000000000000000001000100000100100000001011010000010100000000000010001000000100000001010000000000000000000000000000000000000000000001000000000100000000000000000000001000010000001000000000010000100010000000000000100010000100000000000001001000000100010001000000000100000000000000100
00000001000001000000000000000001110000000001000000000000000100000000000000000000000000000000100000001000000000000000001000000001100000000000000010100000000000000000000000010000000000000000000000000000000000000000110000000000100100000001100000000000000000000000000000000000001100000000000000001000000001000000000001000000000000000000000010110000000011000000000010011000000100000000100000000000000001000001010000000000000000010000000001000010000000000000000000000000000000000000100000001000000000000000
00000000000000000001000000001001000000000000000100000000000000000010010001000000000000100010000010000011001000000000000000000000000000001000000100000000000001000000000000000000001000000001000100000000000000100000000000000001000000000010000100000000100000000000000000000000000000100100001000000100100001000000000000000001000000000000100000000000011000000000000000000000000000000000010010000000000000000000100000000000000000000000001000010000000000000100000000100001000000000000000001000000000100000000
00000000000000001000100000000000000100000000000000000000010011000010000000000000000000000010000000001100101000000000000000001000001000010000000000001100000000001001000000100000000000000000010010000000000011000000000000000000000000000010000000000100000000000000100000001000000000000000001000010100000000000100000000000000000100000000000000000000000000000000100010000000000000000010000000000000000000001000100000000000000000000000000000000000000000010000000000000000000000000010101000000010000010100001
00000000000000000000000000000001000001000000000000000000000000000010000001000000010000000000000000000101101000000000000000000010010000000000000000010100000000000000100000000000000000000000000011000000000000000100100000000000001001000000001000001010000000000000000000001000001000100100100000001000100000000000000000010100000100100000000010000000000100000000100010110000000100000000000000000000100000000000000000000000000000100100001100000000000010000010000000000000001100000000000000000101010000000000
00000000000000000000000000001000000000000000000000000000000010000100000001000100000000000001000000000000000000000000001100000000000000000000001000000100000000000000010000001000000010000000000010000000100000000000001001000000001000000000001000101000001100001010000000000100000010000000000000000000000000000000010000000000000000100100011000000000000000001010000011000000011000000000000000000000001000000000100000000010000000000101000000000010000000000000000100001001000000101010000000000000000000000000
00000000000000000000000000000000010000000000100010000000000000000010000010010000000000000000000001000001000001000000010000000000000000100000000000010100000000000010000000000000000010000000000001000101000100000000000000000100100010000001001100100000100010000000000000010000000001000000000001000000100000000010000000000000000000000000000001010000000001001000000000001000000000001000000000010000000000000000000000001000001001000110000000000010000000000000010000000001000000101000000000000000100000000000
00001000001000000000101000001000000100010000000000010000000001100000010000000000000000000100000100000010000000010001000000000000100001010000000010000001000000000010000100000001000001100000000000000000000000000000001000000001000000010000000000000000001000001000001000000000000000000000000000000000000000000000000000000000000010000000000000000101100000000000000000000000000000000000000010000001000000000010000000000000000000000000000000001000000000100001000000000000100000000000000000000010000000001000
00000000000000000000000000000000000000000000000000000000000010001010000000011000000000100001000100000010000000000000010000001000000011000010001000000001000000000000000000000000000000000010000001100011001100000000100000001000000000000100000000100000000000010000000000000000000000010000001000000001100001000000001000000000000000001000000000000000000000000100000001000000001101110000000000100000000000000000000000000000000000000000000000000000000000000000000010000100000000000001100000000000001010000000
00001000000000100000000000000000000100000000000000000000000001000001000001000000100000010000100000000100000000000000000000000000000001100000000011000000000000001001000000001000000000000000001000000000000000000000010000000000000100000000000000000010001000000000000101001100000100000000000010010000001100010000010000010100000001000000000000000000000010001000100000001000001001000010001000000001100000000000010001000000000000000100010000010000000000000000000000001000000000000100000010000000000000100000
00000000000000000000100000000000000000000000000010000100001001000000010000000000000000000000000000010000000001000101000010001000010100000001000001000000011000001000000000000000000001010100000000000000000100000000000010100001000010000000000000000000000000000000000000000000000001000001101000000000000000000000000000000000001000010000000000000000000000000100000000000000010000000000100000010000000001001000000000000000100000100000000000000010010000000000011000000100000000000000000000000000000000001000
00100000000000000001000100000000010010000000010000100000000000000000000100000000010000100000000000000000000000000011100000000000100000000010000000000000000000000100000000001000000100000001010000100001000110010000000000000000000000000000000000010000100001000000000000100000000000101000000000010000000000000100000000000000000000000000000100000010000000000000110000000000000001000000000000000100000000000000000000010000001010000000000100100001001000000000000010000000001000000100000000100000011000000000
00000000001000000000000000000000000000000000000010000000000000000000000000000100101000000000000000000001000000000000000000000000101001000000001010000000010001000000000100001010000000001000000100000000000000000100000000100000100001000000010000000100000000100000000000000000010010000000000000000000000000000000000010100000000000000001000000000001000000100000100010100000000001000000000000000010001000000001000001001010000000011000000000000000000000000000010000000000000000000000000000000000000000000100
00000000110000000000000100000000101000000000000000110100000000001000001000000011000000000000000100000000001000100100000000001000000010010000000000000000100001000000000000000100000000101000000000000000000000000000000000000000000000000000001000010000100000000100000000001010000000100000000000000000001000000000000000000000001000100001000000000000010000000000000001000100000100000010000001000000000000001001000010000000000000000000001100000000001000100000010000000000000000000000000000000000110000000000
01000100010000000000001000000000001000010000000000000010000100000001000000010000000000000001000000000010010000100001100010000010000000000000010000000000000000000000100011000000000000100001000100000000000000000000000100110000100000000100000000100010000010000000100001000001000000000000001000000000000000100000000000100010000000000010001000000000000101000000011000000000000000010000000000000000000000000000000000000000001001000000000000101000101000001000000000000000000000000000000000100000000000011000
00000000000001000001000000000000001000010000100000001000000000000000000000000101000000000000000011000000000101000000001000010000000000000000000010010100000000000000001000000001000000000000000000000000000000000000100000100000100000000000101000000000100000000100100000000000000000010100000000100000100000000010000000000000010001010000000000001000001000000000000000000000000100001010000000000000010000100000000100010000000100000001000000000000000100001000000000000001100011000010000000000000000000110001
00000001000001000100000000000000000000000000010000000000010000000000000000100000001000000001000100000000000010000000001100000000000000000000000000000000000101000000000000000100000000000100001110001000000100000000000000000000010000000000000000000000000001100000010000000000000000100100000000100000000000000000010000100000000000100010000000000001000000100000000000000000000001000000000000000000000000011000000100000000000001000000000000000100000000000000000000000100100000000000000000000010000000000000
00000000000010000000000000001000000000000000100000100001100000000000000000000000000100000000000100000001000000000000000000000100000000000000000000000000000000000000000010100000000000000000000010000000100000000000010000001000000000000000000000000000000000000000001011000000100000000001000000010000000101000000100000000000100000000000000000000000000000100100000000000000000000010000000000000010010000000000000000000000000001000000100010000000000010000010000000000000000000000000000000000000000001010000
00000000000000000100000010100000100010001000000000000000000000010000000000000000000000000001010000100000001000000000000000100000000000000000000101000000000000000001000001010100010000000000010000000000000000100000100000001000000001000000000100100000000000010000000000000011000000000100000000000000000010000000000001000000100000000000000000001010000101000010000000000000000010000000000000000000100000000000000010000100000001000000000000000100000000000010000000000100000001000000000000000000000000000000
00000100000000000001000000000000001000000100000000001010000000000010000001000000010001000000000000000000000010000001000000000000000000100000000000110000000000000000000000010000000000000000000000101000000000000000000001000000101000011000000000000000000000100010000000000000000010000000000000000000000100000000100001000000000010010001100100100001001101001000010000000000000000000000000000000000000001100000000000000000000000101100000000000000100000101000001010000000000000000000000000000000000001000001
10000101001001000010000001000000100000000000000001000100000000000000000100001110000000000101110000000001000000000001010000000000001000000000100100000000000000100000001000000000000001010000000000000000001100000100000100000000000000000000000000000000001000000011000000100001000000000000000000000011000000000000000010000000000000000010000000000010000000010010001100100110000000010001000000001000000101000100001000001000000100000000000100000000000000000000000000000010000000000000000000100000000000001000
00000000000000001001000000010000000000100001001001000000000000000000000000000010000000000000000010000000110000000000010000000000010100010000100000000000000000110100000000011000101000000000000000000100000000000000010000000000001000110000000000100000000001100000001001000000010110001000001000010100000000000000000000000101000000000000000000000001000000000000000000000000000000000000000110010000000000000000100000000000000000000100000000000000001010000000000000000001000000001000001000000001000000000010
00000100001000000000001010100000000001000000000000000100000000000100100000000000000101000000010001000001000000000100001000000000000000100000000010001010010000000000000000000100010001000010001000000000000000000000000000100001000100000000001000000000000000000000000000001101010000100000100000010000000000000000000000000000000000101000010100000010000000000000000000000000000000000000000100000010000000010001000001000000000000000000101000000000000000000000000000000000010000000000110000000000000000100010
00000000000000000000000000000000000000000100000000000000000000000000100000001000000000000000000000000000000000011100000000000000000100000100010000000000000100000000000010000100001000000000001000000000000100100010000100000100010010000100000000110001000000000000000000001001000000000000100000000000011000000000000000100000001000000000000000000000100000000000000001010010000000010000000000000011000000000000000000000000000000000000100000000000001000001000100000100000000000000001000000000000000000001000
00000010000001000000000000000001000001000000000000000010010000001100000100000000000000000000000000100000100000110000000000001000000100001000000010000000010000001000100000000000010000001000000000000000000110000000000001000100000000000000000010000001001010000000010000000000000001000000000000000000000001000000000000000000000000000010000000000000000001110001000000000001000010000000000100000000000000000000000000001000000000000000001010010000000000100000000000001000000000000100000000000000000001010010
00000000001000000000000000000000000010000010000000100010110000000000000010000000010011101000000000000000000001010000011000000000000100000001100000010000000000010000010000000000001000000001100000000000010100000000010010000100100010000000000000001000010010000000000000001000000100010000000000100000000000000000000000000000101000100100001000000000000000000000000000000000000000000100001000000000000000000000000001000001000000000000000010000000000001000000000000000000000000010000000000000000001000100100
00000000000000001000000000001000000000000000000000000000000000011000000000010000000000000000000000100000001000000000010001100000000100000000001001000000000000000000000000001000000000000000000000000000000000000000100000001000000000100000000010000001000000001000000000000100010000000001000000100101000000000000010000000000000000000100000000100000000000000000000000100000010000100000000000000000001000000000000000000000000000000000000000001000100010010000000000000000000000000000000000100010010000000000
00000001100100000000000000000000000000000000000000000001100000000000000000000100000110000000000000000000000110000000000000000000000001001001010000000000000000000000010000000000001000000000001010000000010001000000000000000000000000100000000000000100000000000000000001000000001000000000000000000000000000010000000000110000000001000000100000000010010000000000000000000000101000100000000000000000000001001100010000000000000000000000000000000000000000000000000000000000001000001100000000000001001000001010
00010010100011000010000000000000000000010000000010100000000011000000000000100000000000000001000000000000000010010000000000000000000000000010001000000010000100000101000000000000000000000000000000000000000001001001000000000000000000000000000000000000000010000000000000000010100000000000000010000000000000100000000000100011001100000000000000000010000010100000010000000000000001000000000000000000000100100000000000000000100000000000000000001000001010000000000001000000000000000001000000000001000000000000
01010000000000000000000000010000000000000000001000000000010000000000000000000000100000000000101000000000000100000000000010000000000000000100000000000011000000000010000000000000001100000000000000000000000010000000000000000000100000000000000000000000100000000000000000000000000000000000001011010000000000000000001000000000000000100000000000000000000000000000000010000000000000000000000001000100000101000000000000000110000000100000000100000000110001000000000000000000000000000000000000000000000000000000
00000001000010010000000000000000100000000001000000110000000010100000000001001000010000000001000001010100000000000010000000000000000000000000010000000000000000000000000000000000000000000000000000000000000000000100000000000010000000000000010000000000001000001000000000000000000010000000000000000000000000100000000000100000000000000000000000000000000000001100000000000000000000000001000000000000000001100000001000000000000001000101000010000000000000000010010000100010000000000000000000000000100000000000
10000001100000001000000000000000000000100001000011000001000000000000000000001000101001000000000000100001100010000010100000000110001011000000101000010000000000000000000000000000000001001100000010000001001001000000010001000000000000000000000000010001000000000000001000001000000000010000010001010000000000000000000001000000100000000000001010000000000000000000000000001000000000000001000000000000000111000000100000000000000000000000100000000000000000010000000001000000000000000000000000000000000100000001
00010000000000000000001010100000000000001001000000000000010110000000000100000000000100000000100000000000000001000000000000001001000000000000000101000000000000100100000000000000001010000100000000000000000000001110000010000100001000000000001100000000000100010000010000100000000010011000011000000000010000001000000100000000000001000001000000000100011001000000000010000000000000100000000000010000000000000001000000010000000100000001000100000000000010000001010000000000000000001000000000000000000100100000
00000000000000010000000000000100000000100000000000000000001000011000001001000000000000000100000000000000100000100000000100000000010000000000000000000010000000000001000000000000000001000000000100000100000000000000000000000000000000101000000010100000000000000010000000010000000000000000000000001000010000000010000010000000000000000000000010000001000010000000000000000000000000000000000000000000000000000000010000001000001000000000000000000000000000000000000000011000000000100000000000000000000010000000
00110000000000000000101000100000000000000000000000000000000000000000000000000000010000000100001000000000000000001001000000000011000000000001000000000100000000000000010000100000000010000000000000000001001000000010001000000100000000000000000001100000000000001000001001000000000000000000100000000000001010100000001000001000000000000000001110100000000100000000100000000100000000000100001100000100000001000000000000000000000000100000010000000000000000000000110000010010000000000000010000000000100000100100
00000010000000000000000000000000000001000000001000000001000000000000010000000000001000000100000000000100000001000000100000000000000000000000000001000000000000000000001000000100000000000000000000010000000010100100100000000000100010000000000010010000100000000010001000000000000100010000100000001001100000000000100000100000000101000000000100010000010110000000000010000100000010100000000000000000000110001000000000000000000000100000000000000101000000010001100100000000100000000000000000000010011000000101
00000000000000100100000001000000010000000100000000000000000101000100000000000000010000110000000010000000000000000001000000000000001010000000110000010100000000000100000000000000001000010001000000000000000000000010000100000010000000100000000000010000000100000000000000100000010000000000100000000010001000000010100001010000000000000000000000000000000100000000000000100000000000000000000000000000000000000000000000000000010000000101000010000000000000000000100000000000000000000000100010000000000000000001
10000000010000000000000100000000000000010000000000000000000100000000000000000000000100001100001000100001000100101000000000001000000010000000000000100000000000010000000000101100000000100100000100000000000001000100011000000000000100000000000000000000000100000000000000001000000000000000000000001010001000000000000010100000000000000000000100010000000000000000000001000100000000000000000001100000000000000001000000001000000000000010010001000000000010001000000100000000001000000000000000000000000001100000
00010001100000000000000001000010000000000000000000000100000100100000101100000000000100000001001000000001000000000100000000000000000000000000010010000000000001000000000000000000000000010000000010000000000000101000101000000000100001010000000000000000100000000000000001100000000100001000000000000001100000000000000000000000010000001110000000000000000010000000000000000011010000000000101000010000000010000000100000000000000000000000001000000001000000000001010000000000000000100010000000000000000010010000
00000000000000000000010000000000000100000000000000000100000001010000000000000000000011100000000000010000010000000000000000000010000000000000000000000000000000000001000000000000000000000000000001000000100000000010000000000000000000010000000000000100001010000000000000000000000010000001000000011000001000000010000000000111000000000001001000001000000000100000000000000000001000000000000001100000000000000000001000000000000000000000000010010000010000000100000000000000100000010000010000000000000000000000
00001000000000000001000000000000001000000000100010001000000000010010000000000000000000000100000000000010000000000001000001000000001000000000000000000000100100000000000000010000010000001001000000000000000000000000000001001000010000100000000000010000000000000000000010000001000000000000001000000100000000000000000010000010000000000000000001000100000000010000000000100000000000000001000000000000000000000001000001000000000000001000000000100000000000001000000000000000000000100000000000000000100000000000
00101100000000000000000000010000000000000000001010000001000000000011000000100000000000000000110000010001010000100000000001000000100100000000000000000110000000100000000000000001000000000010000000000000100000001001000000011100000000010000000000000000000000000001000000000000001000000000000000010000000010000001001000000000001000000000001000000100101010100000000000110000000010000000000000000000100001010010001000000000100000000000011110000110000010000000000000000000000000000000000000000100000000000000
00000000000000000010000000000000000010000000000000001000000001101000000001000010011000000000001000100000000100000000000000010000000000000000000000010000000000010000000000001000000000000000000001000010000000000000010100000000000000000000000000000001101000000000000000000000000000010000000000010000001010001000000000000001001000010000010000000000000000000000000000000100000000000000000000001000000000000100000010100000001100000000000000000000001000010000001100110000000000100001010001000000000000000000
00000000000000000000001001000000000000000000100000010011000000000000000000000000100000010000000010000000000010001100000000000000000000000000000000010000000000000001010000000000001000000000000001010000000001010000000000000001010000100110000000000000000000000100101000000110000000000000000000000000000000001100000010000000000000101001000101000000000100000000000000000000000000000001000000000000000000000000001000000000010000010000000100000000000010001000000000000000000111000000010000000000000000001000
00000000001000000010000000000000000000000000000000000010000100001000000000000000000010000000000000000000010000010001000000000000001000000000000010000000000000000000000000010000000000000000000000000001000100000000000000110100000000000000000000000000000001000000000000000000000000100010000000000001000000010000001000000000100010000000000000000001000010010001000110000000000000000000101000000000000000000000000000000000000000000001000000000000000000000000010000001000000000000000000000000000000000000001
00000000010000000000000000000000010000000010000000000000000010001000000000010000000000000010001000000011000000001000000100000000100000000001000000000000001010000000000000000000011000001000000100000000000001000000001100001001000000001100010000000000001000000000100000000000100100000000000000100001000010010000000000001000000000000000000000000000000000000010000000000000000000000100000000000000001000000000000000000000000000000000000000000000100000000000000000010000000000100000000000000010001000000000
10000000000000000000100000000000000000000000001010000000010000000000000010000000000000101000001100100000000000001000000000000000000000001000001001000110010000000000000000000000000010000000000010000000010100000000000000000000000000000000010000000000000000000001010001010000000000000000000000000000000000000000000000010000010000000001000000000000000100110010000000000000010101000000000000100000000010000000010000000000000000000000001000000000000000001000000000000000011000000000000000000100000000000000
00000000000000000000000000000010000000000000000000001000100000000000110000100000000000000001100000000000000010110000000000000100000111100100000000000000000000000000000000000000000000100000000000000010000000000000000000000000001100000000000000110010000000001000000000000000001000000001001000000000000010000000000000010000000000000000000000001000011000000000000001000000110100000010000001000000000000000000000000000001001000100000000000000000000001000000000000000000000000100000000100000000000000010000
10010000000000100000000000000001000000000000000010000000001000000100111000000000000000010011000000100000000000000000000000000000000000000100000000000000001000000100100000000000000000000001000000100000000000000100000000000000001100000000000000000000000000001000000000010000000000100000000110010001000000000100001000000010000000000000001000001000000000000000010000000100010001000000000000000010001001000000011000000000100100000100000000000000000000000000001100000000011110000000010100000000001000000010
00001000001000001000000001010000000000000000100001010000010000100000001000000000000000001000000000000000000000000000000000000110000000000000000010000000000000001001000000000100000001100000001000000000001000000001000000000000000000000010000100000000001000000000000000000000010000001000000000110000000000101000000000100000001010100000010000100000110000000000000100000000000000000001100000000100000101000000000000000000100100000000000000001000010000000000000101000000001000100000001000010100000000001100
00000000001000000000000001000000000010000001100000000000000000010000010000000000000000000000000000000000000000010000000000000000000000000000000010000000000000000000000000100000000000000001001010000100000000000100000000000100000000001100000000000000100101000000000000010000100000000000000100000000000001010000000000100100000000000000000000000000000001000000000000000000000011000000010000100100011001100100000000000010000001000001001000000000100000010010000000000100000000100000000000000001100000000010
00000010000000010100001000000000000000000000000000000000000010000000000011000000101000001000000100000000000000010100100000000001000100001001001000001000001000000010001001000000000000010000000000000000000100001000000000100000000001000000000101100000001000010000100000000000000000000000100100000000101000000011001000000010000000000000000001000100000000000001100010000000001000001000000000000000100000000000000001000000000000010010000000010001000000000000000100100010000000100000000001000100000000000000
00000000000000001000000010000000001000000000001000000000000000000000001000000000000000000000100001000000000000100110000000100000010000000010000000000000000000000110001000010001000001000000001000000000000000000000001001000000000000001000000000000101000000000000001000000000000000000010001000000000000010000000000000000000001000000000000000000000010000000000000000000001000010000000100000001000000000100000001001000000000000000000000000000000000000000000000000000000000100000010000000000000000000000000
00100000000000000000000000010000000100000000001010100000000000010000100000000000000001000100100000000000000000000000000000000100111100110000010000000001000000100010000000000000000000001110000000000000000000000000010001000000100010000000000000000010000000000000000000100000000001000000000000000000000000000000110000000000000011000100100000000001000000100000000000000000000100001000000000010100000000000000010000001100000000000000000000000000010000000010000000000010000000001001000000000000100000010100
00000000000000010010000100000100000100000000000000000000001100000000000010000001010001000100000000000000000100000000000000000000001001000100000000000000001000010000010001000000000000000000000000000100000001100000000000010000000000000000010001000000000010000010000010001010001000000000000000000000000001000000101000000000000000000100000000010010000000000000000000001000000000000000000000000000001100011000000001000010000000000000000000000001000000100001000010010100000000000001000001100000000000000000
00000000001000000000000000001000000000000000100000011000000000000000000000010001000000100000010000000000000000000000000000000000000000010000100000100000000000010100000110000000000000000010000100000000100001000000000000001010000000000000000000010000001000000000000000000000100000001000000000000000000010000000000000000000000000000000000001000000000101000000000000000000000000000010000000001000000000001000000000000001010000000000100100010011000000000000000000001000000000000010000000100010000000010000
01000000000000000000001000010000000110000000000000000000000000000000000000000010000000100000000110101000000000000000000100000000010000010000000010000000110000000000100000010000000100000000000000000000000000000000000000000000000000000100000000000000000000000000000001000010000010000000000000000000000000000100100000000100000000000100100000000000000010000000000100000000000100000000101000010000000000000100000001000010000100000000000000000000100000000000000000000000001000000000000000000000000010010100
00000000000000001000000101000000000000000000000000000001000000100000000000000000010000010100000000000000000100010000100000100000000000000100000001000001000100000000000000010000000000000000000000100000000000000000000000000000001000100000000000000000000000000000000001000000000010100000000000000000000000000000000000000000000000000000000000000010000000001000000001000000000000000000000001001000010000010110100000000000000000000100010100000000000000001000100000000000000000100101000000000000000010101010
01000001001001100011100000100000000000000000000000000000000000000000000000000000000000010001000000010000000000010000000010000001000100000000011000010000000000000000000000010000000101000001000000010000100000000000000100100010000000000100001000000000000000000000010110000000000000000000000000001000000000000001100000000100001000000000000000010000000000000000010000000100000000000101010001000000000010000001000000000000000000000000000000100000000010011000000000000000000000000000000000000000000000000000
00000000000000010000000010000000001100010000010000001010000000000000000101100000100000010010010000000110000000000000000000000000000000110000000000000000000010001000000000000000000000000000100000000000000100000000000000000000000100000000000100000010001000000001000010000000000000000000000000000000000001000000000100010000000000000000000000000000000000000000000110000100100000001000000100001000001000110000000000000100000010000001000001000000000100000100000100000000000001100000011000000000000000001111
00011000000000110000000000000000000000000000010001000000000000000100000000000000000010000000100000001010010000000000000000000100000000010000000000000000000000000000000000000001011001100000000000000000000000100100000000000001000001010100000000000110000010000010000010100000110000000001010100000100000000001000010000100000000000000001000000010001000000000110000000000000000000100000010000000000100000000000000010000000001100000000000000000001000000000000100000000000010000000000000000001000000000000000
00000000010000000000000101000000000000000000000000000000000000001000000000010010000001100100000001000000100000001000001000000001000000101000000000000100000000000010000000100000000010000000001000000000000000100010000000000001000000000000010000000000010000000000000011000000000001001000000000000010000000000000000000000000000000000000000100000000000000000100100001000000010000000000000000010000100000000000000000100000000000000100000000000000000000010001000000000000110001100000100000000000000000000000
00000000110010000000100000000000000000000000000000000000000000000000000000000100000000000001000000000000000000000000000000001000010000100000000000000001100000100000000010100000000000000000000000110000000011001000000100000000000000001000000010000000000000001000000000000100000000000000000010000000000000001010010000000000000000000000000000000000000010000001000000000000000000000000001000001000000000000000001000000001000000000000100000011000000000000000000000010000000000000000000010000001000000000000
00000000000000000000000010000000000000100000000001000000000000100010001000000010000000000100000000000001000000000000000000100001000010000100000001010010000000000000000000000000000000000000000000101000000000001100010010000100000000001000100000000000010000000000000100001000000000000000000000000000000000010000000000000001100000001001000000000000000010000000000000000000000000000000001000010000000000000000001001000000000010000000000000000000000000000000001000001000000000000000000000100000000100000000
00000000000000010000100000100000000000000000000000000000000000000000000000001000000010000010010000000000000000000010001000000000000010000000000000000010000001000000010000010100000000000100001000000000000100000000110000000000000000000000110000010000100000000001100000000100000001000000001000000000000000001110000000100000000100000001001000010000000000000000000000000011001000000001000000000001000000000000000000010000000000000000000000000000000000000000000000000100000000000000000000000100000000000011
00000000010000000000000000110000000000010100000010000001000000000000110000000000000000000000100000110000000000010001000000000000000001000000000001001000010000010010000000000001000000000000000000000000000000000000000000010000000000001000000001000001000000000000100000010000000000000000000000101010000000000000000000011001001000001001000000000000001000000000000010010001000000001100000000000010000000000000000000000000001000000000101000001000000000000000000001100100000000010000010000011000000000000000
00000000000100000000000100100010000001001000000000010000010100000000000000010100000000000000000000100000000001000000000000000000000000000000010000100000000110000000100000000000000100000010000000000000010000000000001000100000000000000000000000000000000000000000000100010000000000000010000000000010101000001000000000000000000000000000000100000000000000000000000010000000000000000010000000000000000000000000000000001000100001001000000000000000000000000000110000000000000000000000000001000000000000001010
10000010000000000000000010000000000000000100000000001000000000000000000010100100000000110100000000000100000000000000000000001000000000000000000000001000001000100000000000000000000000000000000110001000000000000010000000000000010000000000000000000100000000000100000010000001001100000000000000000000010000000000001000000000000001010000010000000100010000100100010000000000000001000000001000000010000000000000000001000000000101000000000100000000000000001000000000000100001010100000000001010000000000100010
01000000000000000000000000001000000000010101010001010000000000001000000100000000101000000000000000000101001000000001000000000100000001010000010100000000100001011000110000000000011000000000010000000000000000000000000100000000100000000000001000000000000000000000000110000000000000001000000000000100001000000000000000101000100000000000000000010000000000000000000000000000000010000000000000011100001000000000000000000000000000000000000000100000000010000100001001100000000000000000000000000001100000000000
00000000000000000000000000000000000000000000000000000000000001000000000000000000000000000000000000110000000000010010001000000000010000000100000000000000000001000010000000010000001000000100000000000000010000001000000000000010100000000000100001000000000000000000001001000000100000001000001100000010001000000000000001000000000000000000000000000000000000000000010000001000000000000000010000000000100010000010000000000000001000000000000000000110100000000000000000000000000000000000010000100100001000100000
00000001001100010000000000001010000000001000000100000000000100001000010100011000000010000000000000000110000000000000000000000100000000000000000000000000000000000000000000000000000101100100000000000010010000000000000000100000000000000000001010000000000011000100000000000000100000010001000001000000001000000000000000101000000000000010010000000000000010000000000000001000000000110000000100010000000100100000011010000000000000100000000000000000001000000000001000000000000010000000000000110000000000000001
00000000100001000000000000010000000010000000000100000000000001000000001000000000000000000000000000000000000000000000010000100000000000000000010000000000000100000000000000000000000000000000000000000001000000000000001000000000100000000001000100100000000000000110000000000000000100000001000000000000100000000000001000010000000000000100000000000000000000000000000110010100100100000000111100000000000001000011000001010110000000000000000000001001000000000100100000000000000100001100000001000000000000001000
00010000000000000110000000000000000001000100000001000001000000000000000000100001000000010000000010001010100000000000000000000000000000110000000000000000110000000000111000000000000010000011000000100010000000000000001000000100100100000000000000000000010000000001000110000000100000000000000000000100000000000001000000000001000100000000010000100000001000000101000000000001001000100000000000001000001010010001000010000010000011000010000000000001000000000000001000011000000100000000001011001010000010001100
00000010000000000010000100000100000000000010100001000000000100001010000000100010000000101000000100000000000000000000000000000010000000000000000000000101000100000000000000000000000000000000000000000000000000001000100100010000001000000000000100000000100000000000100010000000000000000000001000001000000011000100110000100100000000000000000000000000000001101010000000010000000000000100000100000000010000000000000100000000000001000000000000000000010000000000000000000000100000010001000010110000100000000000
00010000010000000000000010100000000000010000000000000010101000100000000000000000000010000000000100001100100000000000001000000001000000000000000100000000000000000010000000000100001000100000000001000000000000000100000000000000000000100011000000000000000000000001000100001000100000000000000001001000000000001000000010000001010000000000000001010000010010000010000000000100000000000001000000000100000000000000000000000000000000010000000000000000000000000010100000000000001000000000000010000000010000100001
01010000010000000000000000010000010000000000000100000000010000010000000000001000000001100000000000000000000000000100000010001100100000000000000000000010010000000000000000000000010000100000000010000000000000000000000000100111000000000000000000000000011000000000010000000000000100010100100001000000000000000000000000000000001000000000100101000000000000000000000000000001000000000000000000000000000000000000000000000000000000000000100000000000000001000000001000000000010001101001000000000000000000000010
00000000001000000101000000001000000000000000000001001000000000000100000010000000000010000000000010000000010000000000000000100000000000000000000001100001000000000000000011000000100000000000000000000000001000000000010000000000100010000010000010000000000000000000000000010000000010100100000000000000000001000000000000000000000010001000100001000010000000000100000000000000000000000000100000000100000000000100000010000000000000010000000000000000000000000000000000010000000000000000000000000100000010000000
00000000000010000000100100000011100000000000000000000000000000000011000000000000000001000000000001000000000010000100000001000001000100000000000000001000000000000000010000001010000000100000000000001000000101000000100000011000000000010000000000000010000000110000000000000000100010000000000000010000100000001000000000010010000000000100000000000100000000000100000000000000000000000000000001101000000000000100000000000000000000000010000000000000000000000010100000001000000000000000110000001000101000000010
00000001000000000000000000000000000100100100000000000100000000000100000100000001000000000000000000100000000000000001000100000000000010100000000000000000000000000000000000000000000000100001000100001000000100001001000000100000000000000000000000000000010100100000100000000010000000000100000000000000000000010000000000000000001000000010000000000000000000000000000000100000000101000000000000000000001000000000000010011000000010000000010000000000000000000000000000000000000000100000000000000000000000000010
00000000100000000000000000010001000001000000000000000001000000000000100000000001000000100000000001000101100000000010000000000000000000000000110101000000010000000101010100100010000010100000010000000000000000010000000000000100000000000000000010000000000000000000010000100000000000000000000000000000000000000010000000000000000000000000110000000000000000101000000000000000000001001000001000000000000000010000000000000000000100010100000010000000000010000000001010001000000010000101100010000101000101000000
00000000000001000000000000000010000010001010000100000000000000000000000000000000000000000100000000000000010100000100001001000001000100010000100001000000100000100000000000000101000001000000000000010000000100000000000000000000000000010000001000000000000000000000000100000000000000010010000000000000000000000000000010000000000100001000010000001000010000000100000000000001001100000000000010000000001100000000100100010010000000010001000000000000000100000000001000101001000000000100000000000000100000000000
00000100010100100000010010000000000010000000000000001000000000000000100000000000000000000001001000000000000000000001001000000000000000000000000100000010100000000000000000000000000000000000100000000100000000100000000000001001000000000000000010000000000010000000000000000000010000000000000000000000000100000000000000010000000000000000000000000000000000000000000000100000000000000000000000000000010000000001000000000001010000000010000000000000000000000000010000000000000000100010000000001000000100000000
00001000000000000000010000000010000000000100000000000100000000000000000010000100000000010000000000010000001000100000000000000000010000010000000010000000000000000010000000111100000100000010001000000001000000000000100100000000000000000001000000000000000000000000000000101000000000000000000001000010000000000000000000000000000110001001010000100100000000000000001101000000000000010000000000000101000001000000000000000000000000100000000100000000000000000000000000000010000000000000010000010000001000000000
00000000000011000000000000100100000100000100000100000000010010000000100000000000000100100000001000000010000000000000000000000000000000100010000000000010000000001000000000000010001000000000010001000000000000000000000000000110000000100000100000000010000000000010001000100000000000001000000000000100100000000010000000010000001000100000001000000000000000000010000000001000000000000100001010000000000000001000000011010100000000000000000000000000000000100000000000000000000010000100000001000010000000100000
00010000000001000001000001000000000000000000100101000000000000000000101000000000001000000100000000000011100000010000000000000000000000000000010000000100000000000100000001000100000000000010000000000000000000101000000000000000010000101000000000100010000000000001000000000000000000000000010001000100110000000000000000100100000000000001000000000011100000000000000001001000010001000000000000000000001010010100000100000000000000011000000010000100100000000010000110000000000000001000000000000000001001000000
01000000000000000000000000000001000000000000000000000001000111000000100000100010000000000000001000000010000000000000000000001010000000000100000000000000000001100000000000000000000001000000000000000010001001000000000000000100000100001011001000000101000010100000000000000000011000000010000110110000100010100000000000000000000000000000000001101000000000000010000000010001100000000000000010000000000000000001000000000000110000000010000000010000000000000000100000001000000000000100000000000100000000010100
00000000110000000000100000010100100000000000000000010000110000000000000001001010000010000001010000000000000000000000000000000000000010001000000000000000000000000000000000000000000000000000011000100001000010000001000100100000000000000000000000000000000000100000000000000000000000000000000000000000000000000000000000100001000000000010001001000000010000000000000000000000000000000000001010000010000100000000001000000000000000000000000000101100000000000010000001011000000000000001000000000000000000000000
00000000000010010000000100000100001000010000000000000000011000000000100100001100010100000000000000000000000000001000000000000000100000010000010000000000000100000000000000000000000000000000100000000000000000000000000010000100000000100010100000000000100000100100000000000100000000010000000000001100000000000000100000000000000000000010100000010000000000000001000000000000000100000000000000000000000000000000000000000000000000010000000100010000100100010100000001010000000000000000000010000000000000100000
00000000000001000000101010000000000001110000000000000000000001000000101000100001000000000100000000101000000000000000000001000000100000010000000000100000000010000000000101000000001000000000000100100000100010000001000000000101000000000000010000000000000000000000000000000010000000000000000000001000100000000010000001000100000000000000000000011000000010000000000000000000000100000000000000000000001000001001000000010000000000000000000000000000010000010000000010010000000000000000000010000000000000000000
00000000000010000000000010000001000000000000000000000010010000000000010000000001000100010000000000011000000100000000101100000000000000000000001000100100100000111000000000001000000000001000000000000000000000000010000000000001000000000100000000000100000001000001000000010000000000000100000001000001001000010010000000100000100000000000000000100000000000000000001000000000000000000000010000000000000010000000000000010000000000000000000000000000000000000000000000000000100010000000000000000000000000001000
