10000000000000000000000000000011100000000000000000100000000000010000000000000000010000000000000000001000000000000000000000000000000000100000000000000000000000010000000100110001000000010000010000010000100100000000100011001000000100010000100001000000000000000010000000000000000100001000000000010000000100100000000000000000000000000100010000000000001000000010000000001110000000000000100000000100000000000000000000100000000000000000000101010000000000000000000100000000000000000000000001000000000000000000
00000000010000100100000100001000000010000000000000100000001000000010000000000000000000000000010000000000000000000000010000000000000100000100000010000000101001000000001000001000000000010000000000000000100000000000000000000010000000000000000000000000000000000100000000000000000010000000000000000000000000100000000000000000001000000000001100000000000000000001000000000100000100000001000000010000000010010000000000100000000000000000000000000000000000000000000000000000000010000000000010000010000101000000
00000000000000000000000000001000000000000000010000000010100000000100000000010000000000000000000000100000000000000010000110000000010100010000000000000001010000000000001000001100000000000000000000000000000000000010001100000000000000000000000000000000001000000001000000000000000000000000000001000000000000001000100000000000000000000000000000001000000000000000110000000100000000000000000001100000000000000010001000000000000000001000001010000101001000000000000000001001000000011000000001001000001000101000
00000000000000000000000001001000000000000000000000000000000010100000000000010000000100000000001000000000000000000000000001000010010000000000000000000100001000100100010100000000000100000001000000000000000000000010010000000110100000000000000011000000000000000010000001000000000001000000000000000010000000000000000100010000011000110000000000000000000000000010011100010000000000000000000000000110000100000000000000010000000100000000000000000100000000000100000010000110000000000000000000000000001000000000
00000000000000010000000000010010100001000100001000000100000100000000000010000001000000000000000010000000010000001000000000000000000000000010000000000000001000000000000000000000000100000001000000000000000000000000101001000000010000000000000000000000000001000010000000000000001000100010001000011000000000000000000000000000000001000001001010000000001000000000000000000000010000110000000000000000000000000000000010100100000000000000000000000000001000000001110100000000000000000000000010010101000000000000
00100000000000000100000000100000100000000000000000000010000000000000100010000000000000000000100000000001000000000000100000000000000000000000000001000001000000000001000000000001000000000000000000000000000000000000100000000000000010010001000000000001000000010000000000010000000000000000001000000110100000000000000000001000000000001000000000000000000000000000000010100010000010000000001000000000001000000000000100000000000000000001000000000000000000110000000000001000010000000000001000000000000000000001
00000000000000000000100000000000000010000100010100100010000000100000000000000000000010000100000000101000100000000000000000001000000000000000010000000000000000000001000000000000000101110000000001010010000100000000000000000000000000000000010000000000000000000000000010100001100000000000000000000000000010000001000000000000001000000000000000000000010001010000000000000001000000011010000000000000001000010000000010000000000000000001010000000000001000010000000001000000000000000000000000000000000000000000
00011000001000000001000010010100000010000000000000000000000000000000000010000000101000000000100000000001000000000000000000000000000100001000000001000001000000000000100001000000000000000000000000000000000001000000000000000000000000000000100000000000000100010010000000000000000010000010000000000000000000001100000000000000100000000000000001000000000000000110000000000000000000001000100000000000001110100000001000000000010000000000100000000000000100000000000000110000010001000100000001000000000000000010
00000000100000000000000000000000000000000000000100000000000000000100000000001000000000000100000000001000000000000000000000000010000010000000000000000000000000000000000000000000000000010010100000000000000000000001000110000000000000000100000000000000000000001000011001001000000000000000000000000000000100000000000000001000000001000000000000000000000101000000000000000000000010000000000000011000000000000001000010000000000000000000100000001000000001000000000000001000000000000101010000000000001000000000
01000000000000000000001000001000000010000000000000000000000101000000000010000000000000000001101000001000000000000000000001000000000000100000000001001000001000000100000000100001000000000001010000000000010000001000100011000000000000000000000000010000000000100000000000010000000000000000010010000000000000000000000000000000000000000101000000000000001000110010000000000010100100000000000010000010000000000010100000010000000001000010000000100000000010000000000000000000000100000000000000000000000000000000
00000000000001000000000000001010000000010100000000000000000000000000000000000000000000000000000010000000100100000000000000000000000000001000000001000001000000000000000010000100000100000000000000000000000010000100000000000000000001000001000010000010000000000000100000010000000000000000000000000000000000000000000000100010000000000001000000000000000010000000001000100000010000000000010000000000000000000000000000000000000010000000000000000000001000000000000000000001000000101100000000000000000100011000
00010010000000000000000000000000000000000000000001010000000000010010000000000100101000000000000001000000100000001000000000000100000000000010000001000000000100010000000000000000000000000000000000100100000001000100000001010000000000000000000000010001100000010010000000001100010100100000000000000010000100000000000000000000000000001000000000000010000000000000000000000000010000001000010000100001000000000000000000000000100000100000000000000001000100000000000001000000000000000000000000010000000100000001
00000100000000000000000000001100000101001000000000000010000100000100000010000000000000100000100000000000000000000000010000000000010010000000001000000000000000000000010000001001000001001000000000000000000000000100000000000000100100100001000000000000000000000000010000000000000000000000000000010110000000000000110000000000001000000000010000000010001000000000000000000100010010000000100001000000001000001000100000000000001000001000000000000000011000000000000000000000000000000000001001010001000000000000
00001000000000010000100100000000010000000001000000000000000000000000000100000100000000001000001000100000000010000000000000000000000000001000000100000000100000000001000010000101000000000000000000100000000000000000100010000000001000000000000000000000000000000000000000000000000000000000001000101000000100000010000000000100000000000000001000010000000001001000100001000100000001010000100000000000000000000000000001000000000000010000000000100000000000010000000001000000000010000000001000000000000000000000
00000000000000000000000001000100000000000000000100100000000000100000000000000110000000000100000010001010000000000000000001000000000000011100001000010000000000000000000011000010000100000000000000000000010010000001000000010000000000010000000000000000000000000000000010000000000000001000101000010000100001000001000000000000010000010010000001100001000000000000000000000000000100100100010001001000000100000001000000000010000000100000000000000000000010000000000000000000000000000000000100010000001000000101
00000000000000000000000000000000000000000000000100010000010000000100100100000000000000000000000000000100001000001000000000000000000000000000100000000000010000000000000000000000000011000100000000010001000100000000000000101000000000000000000001000000100000000000000000000000000000100010000000000001001000000000010000000000000000000100000000000001000000000000000000000000000010000000011000010010000000000000000000001000000110000000000000000101000000000010001000010000000001000000000000000000000000000000
00000001000000100000000000000000000001010000100000000000000000000000000000000010000010000000000001100000000100000000100000000010000100000000000000000001000000010000001000100000000000000000000000000000000001000100001000000000000001000100010000000000000000100000000000000001000010000000000000000000000000000000000000000000000000000000100000000000000000000000100010000000100000000000000000000000000001101101001100001000000000000010011000100000000000000000000000010100011000001000000000000000000000100001
00000000000010000000000100011000000000001100000000000000000100010000000000000000000000000000001000010000110000000000000000001000000010000000000001000000110100000000000000010000000000000000000000000010000100000000000000000000000000000000000000000000000001000010010000000100000000000000000000000000010000000000000000101000100000000000100000000000100000000000010000000000000000000000011001000000001000000000100001000000000000010010000100000000000000010000000100100110000000000000000000000000000000010000
00000100000000000000000000000000100000000000000001000100001000100000000000000000010000000110000000000000000000100000000000000000000000000000000010000000000000010001000000000000000000000000000001010010000001000001000000000000000100000000000000010000000000001000000001000000000000000000000100000000000001000000000000000000000000000000000010000000000000001000000000010000000001000000100000110000000000100000000010010000000001000000000000000000000000000000000000000001000000000100000000000000000010000100
01000000000100000000000001000000010000000000010000000000010000000000010000000000000000000010000010100000000010000100010000000000000001010000010000001000000000000000000000000000000000000000000000001000010000010100010000010001000000000000010000000000000001000100000010000100000001000001010000010001010000000000000000000100000000001000000000000000010000000000000000000000000000000000000000000000110100000001000010000000000000010100000010100000001000000000010100000000011000000000000011000000000000000000
00000000100010000010010001000000000000000000000000001000000000000100000001000010100100000000011000000000001001000000000000000000000000000000000001100000110100000001010000000000000000000000000000000000000100000000000010000000000011000000001000000000000010000010001000000000000000000001100000000000100000000101001110000000000000000100010000000100000000000000000000000100000010000010010000000000000000000000010010101000000000000000000010000000000010000001000010000000100000000010100010000010000000001000
10001000001000000000001010000000000011000000001000000000000010000000000000010001000000000000010000000000100000000001000000000000000000000010000000000000100000000000000000100001010010000000000000010000000000010000000000010000011010000000000100000001000000000000000000000000000000000001001000000000010001010000000010010000000000000100000001000000000010000000000000100000000000000000000000000000000000000010000000000110000000000000000000010001000000000000010000000100001000010000100001001000000011000010
01000000000100000000000000010000000010000000000000000010000010000000000010000000000100010000100000000000000000000000000110000000000000000000010000000100011000000000000001001101000000000001000000100000000000000000000000000000000000000100000110000000000000000000000000000000100000000100000000010000000000000000000000100000001000100000000000000001000000001000000000000110010000000010000000000100000000000000010001000100000000100000000000000000000100000000000101000000000000000011000001000000000001000010
00000000000000000000000101000000000001000100000000000010000000000000000000100000000000000000000001000000000011000010000001000000101000000000000011000100000001000000000000000000010100100000010100010000011000000000000100100000000000100000110001000000000000010101000000000000011000000000100010010000001000000000010000100000000000000010000000000000000000000000111100000100010000000000000000000000000100000000000000001000000001000000100000000000000000000000010100100000000000000001000000100000000000000000
00000000000000000000000000000000001000000000000001000000101000010001001000011000000101000100000000001110100011000010000000000000000000010100100000000001000000000001000001101000000100000110001000000000000000000000000000000000000000000000000000000000000000000000000000001000000000100000000000001000000000000000000000000000000000000100000110000000000000000000010000000110000000000000010100110000000000000000000000000011000101001000000000000000000000001100000001000000001010110000000000000000000000100001
00010000000010100010000100101000000000010000010000100001000001000000000000000100000000001000000000000100000000000001000001000000000000000000000000000000000000010000000000000000100001010000000010000000010000000000010000000000000110000000000000100000000001000000000000000010011000000000000000000000000000010000000000000000000000000110000010000000000000000000000000000000010000000001010100000100000000000000000000000110000000010110000000000000100000000000000000000100000000000000010000000000100101000000
00010100010100000000000000001000101010000100000000000110000000000000000001000000010001000000000010000000000000000000000000000000000000001000010000000000100000000000001010000000000000000000000000000100010000011000000000000010100100000000011000000000000000000100000000100110000001000001010000100000000000000000000101000000001000000000100000000000000000000000000100001010000000000000000010100001000000000000000001101000000000011000000010000000000000000000010000100000100000000000000000000000000000000000
00100100000000000000000010000000000000000000000000000010000000100100001001010000000000000000001000001000000000000000000000000000010000000000010010000000000000000000000010100000010001100100000000100000101000000000001000000000100000000000000000100000000000001000000000010000000000001100011000001000000000000000000000000000100000100000000010000010110001001000000000000000000000000000000110000000000000000000000001000000000000001000000000000000010000000000000000000001110100000000000000001000000001000100
00001010000000000000011000010000000000000000010000100100001000010100000000000010000000010000000000000000100000000000000000010001000000010011000010001000000000100010000010000000000010000000001000100000000000000001001000010000001000000000100000010010000000011000000100000000000010000010000000000010000000001100000000000000000000000000000000000010001100000000000000000001000000000000000000000000000001000000000000000000000000000001001000100000000000000010000000000100000000000000000001000100000000001000
10000010000000000001010100000100000000000000010000000000000110000000000000010100000000000000000000000000000001000000000000000010100101110000000001100000000000000000000010000000000001000000001000000001000000000001000000000000100000000100000000000000000000001000000000100000000000010000000001000000100000000000000010001000000001000000001000000010000000000000110010001000000010000000000000001000000000000000000000100000001101010000000000000000000000000000010000000000000000101000000000000100000000001000
00000000000100001000000100010000000000000000000000000000100100000000000000000000000000000000000001000001001000000000000000000000000000000000000000000000000001001000000000010000000000010000000000000001000000100000100100000000110000000010000001000000000000000000000000000000000000000000001011001000000000000000000000000100000000000000000010000100010001000011000000000000000001000000011000000000000000000000010000001000000000000000000000100000000000000000000100000000000000000000000001000000001110000110
00000001000000110010000000000000000000100000001000000000000000000000000100110000000100010000000000100100000000001001000000100000000000000000001000000000000000000000000100000001100000010010000000000000000000000000001000110000000000001000000010000000000000000000000000010000000000000000110000000000000000000000000000000000100000000000000010011001010110000000001000000000000000000000000000010000100100000010010100000001001000000100000000000010000001000000000000000000000000000000000000000000000000000000
00000000000000001000000010001000010000000100100000000000000000000001000010000000000000000000000000000000000000000100000000001010000000010001000001000000100001000010000000000000001100011000000001000000000101000000000001010000000000000000000001000000000000000000000001010000000000000000000000000000000000000000000000100000000000000000000000000010000000010000010000001000000000000000100000000100001010000000001000000000010000000001000010000000000000100000000011100000000000000000000000000000000000000000
01000000000000010000010000010000000000000100011000000000000000000000000101000000000000010000000010000000100000000000000000000000000000010000000000000000000000011000101000000000101000000000000000000000000010000000000000100000000000000000000000000000000001000000000000000010000000000000000000000000000000100011000000000000000000000000001001000000000000010000000000000010000010100010000000000000000000010000010000010000000000000000001010000001100000000000100000000000000000000000100010000001000000000000
01001100000000010010000000000000000000000000000000000000010000100000000100000000000001001000000000000000000001000000000010000000000000100000000000000001010000000000111000000100000000000000000000000010000000000000000001000000010000100000001000000001000001000000000000000000101000000000000110100000000000000100010001000000100000000000000000010000101000000100100000000000000000000000000100000000100000000000000000000000000000000100000000000000000100000100100000000001000000000101000100000000000000000000
00000001000000100000000101000000001000000000000000000000000000000000010000000001000010000000000000100000001010110000000000000000000000000000000000000010000001011100000000000000000000000000000000100000000000000000001000010000000000000000010000000000001000100000000000000100000000000000001000000000000000000000000000000000100000010000000000001000100000000000000010010000010000100001000000000000000010000000000000000000011000000000100000000000001000000000000100100000100000000000001000000000000001001000
00000000000010000100000000000000000010000101000000001101000000000000001000001000000010000000000000000000000000100000000000000000011000000010000000000001101100000000001010000000000000000100100000001000000000000000100010010100010000000000000000000000000001010100000000000001000000010000000000000000000000100001001000000000000000001000000000000000000010001000010000000000000100000101000000000001000000000000000000010000010000000000000000000001000010100000000000000001000000001100000000000010000000001001
00000000000000100000000000000000001100000000000000010000010000000000000000000000000000000000010000000000000100000000110000000100000000000000001001100000000000000000000000000000100001000000000000000000000001000100000000100000000000000010101000000001000000000000000001100001000000000000000001000001000000000101000100000000010000000000000000010000000000001000001000000000000000000000000100100000000000001100000000000010000000000010010010000001000000000000001000010000000000000000000000000001000000000001
01100001011000001000000000000000000000000000000000000000000010000000100000001000000000000000000000000010000000000000000000000000000000000000000101000100000000000000000000000000000010000000000000000000000000000000010000000100000000010001000000000010000000000000001000000000000000000010100000010000000000000001000000000000000000100000000100000100000000000000000000000000100000000000000000000000000000000000000000000000000000001000001000000000000000001000000000000000000001000001000000010100000000000000
00000100000000100101000000001000001000000000000000000000000001000100000000000000011000000000000000000100100000100110010101000000000010010000011000001100000000000000000000000000000010000000000000000000000000000000000000000000010000000100000011000000000000000000000000000000000100100000100000000000000000001000000000000000000000010000000000001100000000010000000000000100000000000000000000000000010000000000000000000000000000011000100000001000000000000000000000010000000000010000100000000100000000000000
00010000100000000001010001010000000000100000000000100000010000000000000010000000000000000000000100000000000000000010000000100000000000010100000000000000000010000001000000000000000100000000100000000100001000000000000000000000000000010000000000000000010000000000000000000000000010000010000100000000000000000000000001000100100000000000000001001000000000000000001000000010000000000000000010010100000000000010000000000000010000000000010000100000000000100111100001000000000000000000010000000000000000000000
00000000000000000000000000000000000000000000000000000000000001010100000000000000001000000000000000000000000000000000000010000000000000000000000000000000000001000000000000000000000000000000000000000000000000001010000001000000000000000010000000000100000000000000000000000000000000000000000000000000000000000000000001110000000000000000000000100000000000000000000001000000100000000000000001000001001000000011000000000000000000000000010100000100000000000001000011110000000000000000000000100010000000100000
00000000000100000000000000000000000000000000010001100000000000000100100000010010000000000000001000000000010000000110000000010000100000000000000101000000010001000010010000000000000010000001000000000000000001000000000000000000001000100000000100000010001000001000000000000000100010000100000000000000000001000000001000000000001000000011000000000000000000000000000000000000010000000000000000000000100011100000000000000000101000010000001000000010000000000000000100001000000000010001000000010100000000000000
00000010000000001100000010000000000000000000000000010000000000001000100010000100001000001011000000000000000000000000000000000100000000000000000000000000000000000100000001000000000000000000000000000000000000000000000100000000010000000001100000000000000000000000000000000000100000000000000000000000000000100100001010000000000000000000000100001001000100000000110000000000000100010000011000101000000000000000100000000000100000000000000010000010000000000000000001000100000000001000000000000000000000010000
00000000000000000000001000000100000010100000000000000010000000000000000000000100000000000000000000101000000010000000000010010000000000000000000000010000000100000000000000000001000000000000000010000000000000000000000000000000000000000000000000000000000000000000000000010000000000000000000010000000000000100001000001000000000110001000000000000000100000000001010000000000000000000000000101001000000000000000000010000000010001010100000000000000000000010000000000000000000000000000000010100000001000000000
01010000000001000010000000100000000000000000000000000000100000000000000000000101000000000000010000000000000000000000000000000000000100000001000010000000000000000000000000000000000100000000100000001000000000001010000000000000000000111000000000000000000100100000000010000001000000000000000100000000101000000000010000000010100000000101000100000100000000000000011000000000000100000000000001100000100000000010000000000000001000000000000100001000000010000000000000000000000000000100000010010000000010000000
00000000000000100100000000000010000001000000000001010000000000001000000000000000000000000000000000000000000001000000000001000000000000010000010000000110000000001000000000010010000000000010000000000000000010000000000000000000000000000000000000000000000100010100000101000100000000000000011000011000000110000100000000000010001000000100000000000000000000000000000000010000001000000000000100010000000000000000000000100000010010000000100001000000000010000010000000001000000000000000000000000000000010000001
00000000000000000000000000000000000000011000000000101001000000000000000000001110000000000000000010000010001010000000000100000000000000000000000100000000000000000001000000000000100000000000001000000000010000000000000000000000001000000100000000000000000010000000010100100010000010000000000000000000001000000100000010000000000001000000100000000000000000000000000000000001000000100000000000000000000000100010000000000000000000000000000000110000000001000000000000000000000001010000000000001101000000000000
00110011000000000000001000000010000000001000000000000000000000000100000000010000000010010000000000000000000001100001000001000000000000000000000000000000000000100000100000100000010100010000000100000101000000000000000010000000000000000000000000000000001000000010000000001000000000010010000000000001011000000010000000001000010000000000000100001010000000000000010000000100000100000000011000000000000000000110000000000000000010100000000000000000000000000000000000000011101000000001000000000000000000000000
00000000000000000000000000000001000000000010000100000010101000000000000000100100000000000000010100000001010000000001010000000000000000000000000000110000000001001000010001001000000000000000000000000000000000100000000000110000000000001000000000000000000000000000000000010000000000110000000000000100000000000000000100000010000000000000001011100000000000000100010000000000010000000000010000000000000000100000110000000000110000000000001000001000000000000010000000000100000000000000000000000010000100000000
00100000000000000000000000000000000000000001000000001000000000000010000000000000100000000000000010000000000000100000001010000010000000000000010010000000010000000000000000000000000000000010000000100000000000010000000000000000000000000000000000000010000010001110010000000010000000000000000000000000010001000000000000010000011000001000000010000000000000000000010000000000000000101000000000000010000000000000001100000010000000100000010000001001010100000000001100000000100000000100001100000000000010010000
00000000000000000100000000000001000000000000001000000000000000001010010000010000000000001001000000000000000000000100000100001000000000000000000000000000000001100010000000000010000000000000000000100000000000100000000001010000000100000000000000000000000000001000001000000000000001010100000010000100100001000000001010000000000001000000000000000100100000100010100000000110000000000000000000000100000000000100000010000000000001001100000000000001000010000000001000000000000000100000000010000100100000000000
00000001000100000000000001000000010000000000000000000001000000100000000000000000000000000010000000000001000000000000100000000000000000000000000000001100000010000000100000000000000000000100000000011000010100000000000000010010001110000100000000000000000000000000000000000001000000000001100001000000000000000000000000111000000000000001000000000100000000000000001010001000001000000000000000000001000000000000101100000000000000100000000000000001000000000010000000000000110000001000100100000101000100000000
00000000000100000000011000000000001000000100000010100010000100001000000000100000000000000000011000000000100011010000000000000000001000000000010000000000100100000010000001100001000000000000001100000000000000000000000010100000000000000011000001100100000000000000000000001000000000000000000010000000000000000000000010000000000000000110000000000100010000001001001100000000010000000000000100001100010000000000001000000000000000000000000000010000000000000000100000000001000111000000000010000010100010010001
10000111000001000000000000000100010000000000000010010000010000000000000000000000000000010000000000000000000000000000000000001000000000000000000000000000000100010000000000100000000000000000000000000000000000000001000001000000100000001000011000000000000000000000000000000000000000000000010000000000010000010000000010000001000000010001100000000010001100001010010000000000000000000000010000001000000000000010000100000000000000000001000000000000000000000000010000000000100010000000000000000000001000000000
00000000000000000100000000011001010000000011100100100010000010100000000000000000001000001000000001000010000100000000000000000000000000000000000000000000000000000100001000000000000000000000000000000000000100101000000000000000000100100100001000000100000000100010000001000001000010000100000001001000000000001000000100000010000000000010010000110000000000000100000000000000000000000100000000000001000101000000010000000001000000000000000000100000000000010000001000000000000000001000010000000000010000000100
00000000000010000000000000000010100000000000000010001000001000001000000000100001100001000000010000000000001000000000000000000100000000000001000000000000000000000000000010000010000000000000010000000000100010000100000000000000010000001000010000000000100000001000000000000001000100000010000000000000110000000000000100000000000010010000000000001000000000000000000000100010000000001000000000000000000010010000011000000000000000000000000000100000000001000000000000000000010000000000000000000000000000000000
00010000000100000000000000000000010000000000000000000000000010000000000000000000000000000000000000000000000000001010000000011001010000000000000000000000000000000000100000000001100100010000000000000000100001000000000000000000000000000000000000000000000000000010000000000001010000000000100000000000000000010110010000000000010000000000000000011000100000000000000000100000010000010000010000100000000001000000000000000000100001001000001000000000000000000000000000000010000000000000000100000000000000000011
00000001010000000001000001000000000000000100000000000000000000000000000000000000000000000000010001000000000001100000000010000000000000000000000000000000000000100000000010000001000001000000000000001010100001000000100101000000000000000000000100001000111010000000000000101001000000000000000000000000011010001000000010001000000000000000000100000010010000000001000010100001000000000000000000001000001000010000010000000010000000000000010000000000000000000000000001001001000000000100000000000010010000000001
11000001000000100000100000001000000000000000000000000000000100000000000010000000100000000000000000000000001010010000000000001100101000000000010000000000000110001100000000000100000000000000000000000000000000000000000000000000000000000001000010000100010000000001000000000000000000010000001001000000000100000100000000000000110000000000000000110000000000000000000010000000000000001000001000000000101100000000001001010000000001000000000000000001000000000000001000000000001000000000001000000000100100000000
00000000000000000000000000000000010000000000000100000000000001000100001001000100010000000000010000000000000010000000000000000000000000000000000000000101001010000000000000000000000000000000000001000100010001010000000000010000100100000000100000001001000000000000001000000000001100000000000000000000000000000100000000100000010001000000000000000000000000000000101000001110000000000000000000000010100000110000000000000000000000001001000000001110100001010000000010001000000000000100000001000000000100000000
00000000000010100000001100000000010100000000000100000001000000000100000001000000010000100000001000000000000000000000100000000001100010000100010000000000000100101000000000001000000001000010000010000001000000000000000000010000000000000000000000000000001000000000001000000000000000010001000000000000000001000100000000000000001000000000000010010101000000000000000000000000000000110000000000010000000000000000000000100000000000000000000001000000001000100000000000000100000010000000000000000000000000010000
00100100000000000000000000000000000000000001000000000000000000000000001000000000000000000000000000001001000000000000100000101000000000100000000101000001000000010100000010010000000000000010000000000000000000000000001010100000010000000000010000000000000000000000001000000110000100000000000000000000000000001000000000000000010000000010100000001100000000000000000000000011000000100100000000000000000000000010000000000000000000000000100000000000000000000000000000000100000100001000000000000000001000000000
10010000000000000000000000000000010000000000000000000000000100100000000000000000000000100000000001000001000010000100000000000000000010000000001000000000000000010100000001100001000000001100000000000000001000011000001001000001010000000001010100000000100000000100000000000100000000100001000001000101000100000000111000000000000000000000000000000000000000100000000000000010101000001000000000000010000000000000000000000000110000100010110000000000000000000011000010000000000100000000010110110100000000001000
10000000000000000000000000001000000000000000000000110000000000000000000000001000000000000000000000001000010000001000000000000000000001000000000000010000000000000000001000000000000110000000000000001000000000000010011000000000001000000000100100000000010000000000000000000000010001001000000010010000001000000000000000000000010000000000000100001000000000000000000000000001000000000000001000000000000000000000100000000000000000100000001100100000000010000000010000010000000000000000000000010100000010000000
01010000001100000000000000100000000000010000000000001010001000000000000000000000000000000000000100000000000000100000000000001000001001000000100000000000000000000000000000000001000100000000000000000000000000000010000010000101011000000100000000000000000000000000001000001000010000001010000000000010000000001001000000000001000000000000110000000000000100000000110010000000010000001000000000001101000000001000110000000000000101000010100000000100000000000000010100000010000010000000000000000000100000000011
00100000001000100000100100000110001010001000001000000000100000010000000000100000000000001000001010110011000000000000000100011010000000000000010000000000000000000000000000000000001000001000000010000000000000000100000000000000000010000000100000000000000000001000000000000000000000000000000000010010000010000000000101000000000001000000000000000100000000000000000000000000000000010000000000000000000000000001000101000000011110000100001000000010000001000010000000000010000000000010000000000100000000000000
00100001000000000001000010101000000000000000000000000001000000001000000000000000000000000000100000000000000000000000000000000000100000000001001000001000000001000000001000000000000010000000000000000100001010000000000000000000000000010000010000000000000000100000000000000000000000000000000000001000100001000000000000100000000000010100000001000000100000000001000000000000001000000000000000000000000000100000000010000000001000000000000001000000000000100010000000000000000000000000000100000000000100011001
00100100000000000000000000000000100000000010010000000101001000000001000000000000001000000000000100000100000000000000000000001000000000011000000000000010000000000000000000000000100000000000000000000000010000100000000010001000010000000000000000000000000010000000000000010000000000000001010000000100000000000010000010000000010000010001000000100000000000000000000010100100001010000000011000100101101100000010000001000000011000000000100100000010000000110000100000000000000000000000000000000000000000000000
00001000001001000000000000000000001000001001010000000000000101000000000100000100000000000000000000000000000000000000000011000000001010100100000000000000000000100000000001000000000001000000000000001000000010000000000010000000100100010000001000000000000000000000000000000000000000100000000000001110000000000100000000000000000010100000000100000000000000000000000000000001000100000000000000000000000000000000000100000001001000001000000100000000001000000000000000000000100000000000000000000000000000000010
00000000000000100000000000000000000000000100011000000010000000000000000000010000000000000000000100000000100000001000100000000000100000010000001001000101100000001000100100000000000000000000000001010001000010000001000000000000100100000000000010000000000000000000010000000000010000000100000000000010010100001010000000000000010000000000000000000000000000000000000010001000100000000000000000000000010000001000000000000000000000010010000001100011000000000000010000000000000000000000000000000000000000000000
01010000001010000000100100000100000000000100000000000000001000000000000100000010100000100000000000000001000000000000000000100000000000100001000000000000000000000000010000000010000000000000100001001000000000010000000000100000001000001100000000000000000000001001000100000000000010000000000000001000000000000000000000000000100000000001100000000010100000000000001001000000010100000000000000000000000001000000000000000000000010010000010000000000001000000100000001001000010000110000000000000000010000101000
00000000000000111100011000000010001010000000000000000000000000000000000000000001000000000001001000100000000010100000000000000000000000100000000000011001000000010000000000000000000000000000010000000000001000000000000000100000000000000000000010000010100100000000000000001001000010000000000100100000000000000000100000000000000000000001000000001000000000000000000000000100000000000010000000001001000100100000000000001000100100000100000110000000000000000111000010000010001000000000000010000010000010000000
01000000000000000000000000000000000000000000000010000000000100000000000000000000000000001000000000000100000000000000000000000000001011000000000000000100000000000000000000000000000000000000000000000000000000000000000110010000000001000000001000100000000000000010000000000000000000000000100000000000000000000000000000000000000000001101000000000000000000000000000010000000110000000001000000000100000001000000000100000000000000000000000001000000001011000000001000000100010100000000000000000010000010000100
01000000000000000000000000000000000000100000100001000001000000000000000011000000000010000000001000100000000000000000001100000101000000100000000000000111000000000011000001000000101000000000010000000000000000000001000000000001000000000100000010000000000000001000000010100000101000000000001000000001000011000000000000000010011000000001100000110001000000001001000100000000000001101000000000100000000010000000000010001000000010100000000000000000000000000000000000000000100000001000001010000000100010110000
00000000000001000001000000010000101000000000000000000100000001000000000000000000000100010000000000000001000100000110001000000000000000000000000000000100000000001000000000010000100010000000010000000000000000000000000000000000000000000001000000000000000000000000000000000010000000000000000000010100000000000000000000000000000000010000000000000001000010000001000000000100000000001010000000010010000000001000000000000100010000000000000000000000000000010000000000000000000010010000000000000000001000000000
00000100000011010000000000001101000000000000000100000000000000000010000000000000001000100000010000100000000100000000000000100001000100000000110000100100000000000000000000000100010000000000000000000000100000000000000000000000000000000000000010000000000000000100100000000000000000100001010000000000001000100000000000000000000000000000100000010010000010000000000100000000000001001001000000000000001000100100000000000000001001100100010000000101001000000000000000010000000000010000000000001000000000000000
00001000011100100000000000010000000000000000000010000010000101100000001010100000001000000000010000000010101000010001000000001010000000100000001010100000100001100000000000000001000000000000000001010000000000010000000000010000000010100000010100001000000011000100000000000001000000000100000000010000000000000011110000000000000001000000000000000000000001010110000100000000001010010000000000000000000000000000000100000000100000000100000000000000000010000000000000100100000000000000000000001000000000000000
00000000000000100000010000000000000000100100000001100100000101000001000010001100000000000000010000000000100000100000000000010001000000000110000000000010010000010010000001001001000000000000000000000000001000000000000000000000000000000000000100010000000100000010000100000000000000000001001000000000000000100000000000000010000000000000000000000000000000000001000000000010000000000000000000010000000000100010000000000001000000000010000000001000010001000000000000000000000000000000010000000010100000100000
00000000000000000100000000100001000000000000000010010000000000000000010001010100001000000000000000000000000000000100000000000000100000000000000001000000001000000010100001000100000010000000000000010001100000100000000000000010000000000000100000100001000000000100000000001000010100000110000000010001000000000000000100000000010000000000000000010000100010110000000010001000001100000000000000000000000000001000000000000010000000010010000001000010000100000000111000010001000000000000010000100000000000000000
10000000000001000000000000000000000000000000000010000100000000000000000000001110000001000000100000001000100010000000000000000000001100100100010100010000000000001010000000100110000000001000000000000000001000010000000000010000000001000010001100000010000000101000001010000010000010000000000001000000000000000000000001000001000000001100000010000100000000000001000000000001000000010000000000010001000000000000000000100000000000000110100000110000000000000000000000000000000000010001000000000001000000000010
00000000000000000100010000100000000000000000000000010000000001001000000010000010000000000010000010000001000001000010000000000000000000000000000001000000000000001000000000000000000000100000000000000000000100000000000000001000000000000000000000000000000010000000000010000000000001000000001000000000000000000000000001100000100000100000100000000000000000000000000000010000001100000100000000010010000000100000000000000000000000100100000000000000010000000000000000000000100000000000001000000100000100000000
00000000000000000000001000000000000000000000000001000001000000010000000000000010001000000000000000000000000100000000000000000001001100000001000001001011000100000001000000001000100000000000100000100001000000000000000000000000000000100000000000000011000000000100001000010000100000100000000000000000000000000000000000001001000000001100000000001010100000001000000000100001000000000100000000001000000000000000000000000000000000100000001000000000000001000000000000010000100000000000000010000000000100001000
00000000000000110000000000000000101000000000000000000000000000000000000000000000010010000000000001000100000000000000000000000100000000000001000000000000000000000010010000000000000110000000010000000000001000000100000000010000100000000000000000000000010100000000000000000000010000000000000000000001000000010000010000001010000000001010000000000000000000000000000000000000000000000100001000000000000000011010000000010000001000000010000000000001000000000000000001100000001000000000010000000010100000010000
00000100000000000000001000000100000000000000000000011000000000000000011000000001000000000000000001000000001000000000001000000000000100000000000000011000000000000000000000000000000000000000000100000000010010010010000000000000000000000000000010000000010000100010001000000000010000001000000000001000000000000010000000000010000010000000010001010100010000000000000010000010100000000000000000100000000000000001000100000001100000000000000000010000000000000001011100000010000000000000000100000100000000000000
00000000000000000000000000000001001000100000000100010000000000100000000100100000000000000000111000100001100000000100100010000010000000000010000000001001010000010000000010000100001100000100000000010000010000000000000000000000000000000100000000010000000000000100000000000000000000000100100001101000000000000000000000010000000000000000000000010010000100000000000000000000001000001000000000000001000000000100100000000000000100100000000000010000000110000000000000000000000000000100000000010000000000000000
00000100010000000000100000000000000000000000000000000000000010010000000000000000000000100010000000000010000000001001001000000100010000010000000000000000000000000000000100000000000011000010000000000000000000000000010000000000000000000000000000000000010000000010000000000001000010000000000010000010000001000000000000000010000000000000000010000000000000000000000000000000010100000000100000000000100000000010110100000000100001000000000000000000000000000000001000000000000100111100010000100000000000000000
11100010000000000000011010000000000000000100000000000000000010000000000010000000000000000000001000100000000001000000001101000000100000000000000000000001000100100000000001000000000000000000000000000000100000000000000000000000100000100000000000000000000000000001000100000100000001000000100000101001000101010000000000000000000000000000000000000000010000000000001100000000000001011000000000000011010100000000000000000001010000000001010000011000010000000000000001001100000000000000010010010000000000000000
01000000000000000000010000000000000000000010000010010000000000000000000000000100010000000000000000000100000000000000000000100100010010010000000000000000010100000000000000000000000001000000000010000000000000100010000000000000100001000100110000000000000000000000000000000000000010000000010000000001000000000000100000000000000000000000000000000000000000010000000100000000001000000000001000000000000010000010000010010000010000000000000000000000000000000001000000100110000010010000010000000000000000001000
11000000000110000000000000100000000000001000000000100000100000000001001000000010000000000000000001010000100000010000000000000000000000000100000010001000101000000000000010000000000000000001000001000000000000000000000001000010000110001010000100000010000000000000000000010000010000000000001000000000100010001000101000000001000011000100000100100000000000000000000011001000010000000000001000000000110000000000000000000000000010000000000100100000001000000000010000000001100000000000000000000000000000000001
00000000000000000000010000000011000100000010000000000100000001000000011000000000000000000000000000010000001000000000000000000001001000110000000000000000010100000000000100000100001000100100000000000110000001000010010000000000000100000000100000000010000010000100000000000000000000010000000000000000010000000010000110000010000001000000000000010010001000000000010000000000110000010000000000101000001000000000000000100010001000000000000000000000000000000001000000100000000001000000001000010000000000000010
00000000000000000000000000000000000001000000001100000000010000010000101000000001000000010000000000100001000010000000100000000000011000001000000000100000000000101000000000000000000000000010000000000000000000000000000000000000000001000000001000000000000000010000000000001000100010000000000100000001000000000000000000000000000000000001001101000010000110000000000000000000100000000000000000000100000000000000000010000000000010100000000000000000000010000010000000000100000000000100000000000000000000001000
00000000010000100000000000000000000000100000000100000100000000000000000100100000100000010000100000000000000100000010010000000000100000010010000000000000000000100001001000001000000000001000000000001010000000000000000000100000000000000000000000000000100100000000000000000000001101000000000100000000001000000000000001000000100010000000000000000000000000000000000000000000000000101000000001001100100001000000000000000000100000000000001000000000000000000001000000000000000000000000100000000000000000000001
00000000000000000000000000000000000000001000000000000000000000000000000000000000000000100000100011000100110000000000000000000000000000010000000000110011000100000100001000000000000101000010000001000000001000000000000001000000010110000001000000000001000101000100000000000100001000000000000000000001000000000000100001000000000000000010100001000000010000000010000001000000000010000000000000000000001000000000000000000100110000000000000000000101000000000001000010000000001000000000000010000000000000100000
00000000010000001000100000000010100000000100000010000000010000010000000000000101001000011000000010001000000000000010000000010010000000000000000000000000010000000000000000011000000100000000010000000010000110000000110010000000000000000100000000000011000000000000000000000001000000000000000000000000000001000000000100010001000000000110000000000001000100000000000000010000000000000000000100000000100000000000000000001001000101101000000000000000010000000000000100000000000000100000000010000000000100010000
01000000000000001000000000000110010001000000000010000000000000000000000000000101100000001000010100000000000000100000000000000000001000000000000000000000010010000000000000000000000000000001000000001000000000000000000000000000000000100010000000100000000000000000000000000000100000000001010000000000000000000000000000000001000000100000000100000000000001000000000000000000100000000100000000000000000000100000000000000100101000101000000000001000000010100000011000000000000000000001000110000000000000000100
00000000000000000100000010000000000000010000000000010000100000000000000000000000010000100000000000000000000000100110000000000100000000010000100010000001001001010000100011011000000000000000000000000000000100000000000010000000000000000000000000100000100000000000000000000101001000000000010000001001000000000000010010000000000100000000000000000000000110000000000000000000100000000000000100000000000000000000010000011010001100010000000100010000000000000000000000000000000100000000100000000000000110000000
00000000000000000000000000001000010000000000000000000100000000000001010000001000000001010001000100000100000111000001000000000000100100000000000100000000000100000100000000000000000000000000000000000010000101001000000000000000000000100000010000000000000000000000000000000000000000001000001000010000000000000000001000001010000001000000100100000000000010001010000000001000000000001000000010101000000000000000000000000000000010000000001000000010100100000000000010000010110010100010000000000000000000000000
00000000010000000010010000011100000000000000000000010000000000001000000000010000001001000000000000010000000001000000010100010000000000000001000100100000000000011010000100101000000000000000000100000000000000000000000000001000001001000000000000000000000001000001000000010000000000000010000000000010000000001101000001010000000000000000000000010000100100000000000000000000000000100000000001000000000000000000000000000000100000100000000000000000000000000010000000000010100000100000000000001000011100000000
00000000001000000100000000000000000001100000000000110001000000000010000000000000000000000000000000000010000000000100000000000000000010000000000000000000000000000100000010000000010000000010000000000010010000000000000001000000001001100100100000000000010000000000100000000001000000000100000100000100000000000100000001000000001000000000000000000010010000000000000000000100000000000000110000000100010000000000001100010000000000010000000010000001000000000000000100000000000000100000000000000100100000100000
