00010000000101000000010000000100000000001000000000000000000000011000100000000000001000000010000000000000000000000000000000000000000001000000010000100000000100001000000000110010000001000000000100000000000000000000000010000010010000000001010000000010010000000000000000000000100100000000000000000000000000000100010000010010100000000010010000100000000000010000000001000000000000001010001010000100000001000000000001001000000000000000000100010010000000000010000000010110000001000000000000001001100000000100
00001000000010100100001001001000000000000000000000000000000100000000000000001000000000000000000001000000000000000001000000000000000000001000010000000000000000000010000000000000000000000001101000010000000001000000000000000000000001000000000000000000000000000100000001000100000100000001000000010000000000000000000000000110000101000001001000000000000000000000000010000000010000001100000000000101000001000100000000001000000000000001000000000000000000000000100000000000000000000000000010000001100010010000
00000000100000000000000000101000110000001001000001000001100001100000000010000000000000000000010000000000000000000000000000000101000000000101000000110100000000000000000100010000001000010000000000000000000000000000000000000001010001100000000000000000010000000000010000000000000000000000000000000000000000000000010000000000010000010000100000000000000000100010010000000000001000000001000000010000010010000000000010000000001000000100000000000000000000000010000000000000000000000000000000000000000000000000
00001010000010000110000000000000000010000001000000000010000000000000000000000100000000100001010000000000000010000001001010000000000000000000100000000000010000000000000000000100011000001100000000000000000000000000000000001000001100010010001000000000000000000000100000010000000000000010000001010000000000000100000000000000000000000000000010001100110000000000000100000010000010000100000000000010100110000000000010000000100000000000011000100000000000000000000000000000100001000000100100000001001010000001
00000000000000000000000000000000000000110000001000000000000000010000000010000000001000000000000010000000011010000000000000000000000000000000000000000011100001000000000000000000001010000000000000101010000010000000000000000000001000000000000000000000010000000010000000000000000000000000000000000000000100100000000000100010000000001000000000000000000000000000000001001000001000001001011000000000000000000000001000000000010100000000000000000000000100000000000001000100000100100001000001001110000000000000
01000000000000000000000000000000000100001000000101000000001000000001001000010000000000100000000000000000001011000000000000000000000000011000000000000000000011000000100001100000010000000000101100000000000000000101000000000000000000000000000000000010000000000010000001000100000000000110010000000000000000110000000101000000000000000000010000010000100000000000010010001001000000100000110000101110101000000000000010000000000000100000000000000000000000001000000000000000000000000000000000010000000010001000
00000000000000011001000000000000000000001000000100000000000001000000000000000000000000010000000000000000000000100000000000000100001000000000000000000000000010000000000000000000111000010000000000100000000000000000010000100000000000001000000000000000000100100000000000000000001000000000000000000010000000100000000101100100000000000000000000000000100010010001000000000000000000000000010100100000001000000000001000000000000000000000000000000000000000000000000000000000000000000110000000010000011000100001
00000000000011000010000000000000000011000000001000000001000100000000000000000000000000010010100000000100001000100001000000000000000000000010000000000010010000101000000000000000000100000000000100000000000001100000010000000000000000000000000000000000101000000000000000000100010010000000000000000000100000000000000000000000000000010000010001000000001000000001000000000010000000100000000010000010000000000000000000000000100000000010100011001001100001000000000000000000000000010000000000000000000000000001
00000000100010000000000000001010010110001000001000000000000000000000000100000100000000000100000000000000100000000010000000000000000000010000000000100010000000000100000000100000000000101000000110100010100000000000000000000010011000000010101000000000000000000000100001000000000000100000001000000000000001000000000000010000000000010000000100100000001000000000000000000000100000001000100000100010000000000000100000000000001001000000000000010000000000000000001010000000000000000000000000001111000000000000
10000000001000110000000100010100000000000000000010000000000000000100000000010000010000000011100001000000000010000000000100000000001000000000000000000000010000000011001000000000000000000000000000000000000000000001000000000000000010000000000000010000001010000100000000000001000001000000000000001001000010000000000001010000011000010100000000100000000100000000000000001100000000000000000000100010010100100000001000000000000010000000000000000000000110000000000100000000000100000000000000010101000000001000
00000000000000000000010000001000000001000000000100001000011000000000000000000010000000010000001000000000001000010100000010000010000000000100001000001000000000000000000000001000000010010000000000000000000010000010100000000000100000001000000000000000010000000100000010001100000000000110000000000000000001000000000100101000000000000000000000000100100000000000000000000000000000000000000000101000010100000000011000000000000000000010000010000000001100000000000000000000000000000000000000000000010100000000
00000000000000000000000010001001000000000000000000010000000000000100000000000000000000000000000001000000000000000000000101000010110000101100110000000100000000110010000001001000010000001000100000000000100000000010000000010001000000000000010000000000100000001011000100001000000000000000000000100010000000000000000000000000000011000000000010010001000000010000001000000000000000000000000000000000000000000000000000000100001000000000000000001100000000000000000000000000000000000000000000001000001010000000
00010000000000000000000000011000000000000000000000000000011000000000010100000000001000100100000000001000000100010000000110000000000000000000000000000000000000000000000000001010000000000000000000010001000000000000000000010001000000000000010001000000000010000000010000000000010000000010000000000000001000000000010000000010000010000010000000010000000100000000000000000000000000001010100010000000010000000000001000100010000000001000000000000000000000000000000000000000000000101001000000000000000001011001
00000100000010000000000000000000000000000000000000110000000100000000000000000000000010000000000000000000100000000000010000000000000000000000000000000000000000000000000000000000010000000100000111000000000000000010000000000000000000100000000001000010000000000000010001000000000000000000000000000000001000000000000000000000000100000000000000000000001000001000100000000000000000000100000000000000000000010000000100000000010001000000000000000000010000000000000000000000000000000000000001000000000000010000
00000000000001010000000000000010000000000000000010000000000000000000000000010000000000000000000000000001000010000000001000000100000001000010000000000100000000000000000010001110000100000000000000000000101000000000000001101000100100000000000000000000000000001000010000000000000100000001000100000100000000000000000000000000000010000000001001000100010000100000000000100000110000000000000000000000000000000000000000000001000000000000000000000000000000000000000000000000000000000000100000001000000000000010
00010010010000000000000000000000000100000000000000010100010000001000000000000000000000000000000000000000000001100000100000000000100000000000000000001000000000001000000000001000000000000000000000000000000001100000000000101000000100000100000000001000010000000000000000000000000011010001000000000000000000001000000001000100000001000100000000000000000000000010000001000000000100000000000100100000010000000000000000000101000000010000000100000010100100000000000010010010010000000000000110000000011000000000
01000000000010000001000000000100100000100000000100000000000000000000000000000000000001000010000000000000100000010000000000001000010000001000000000000000000000000000000000000000100001001000001000000000011000000000010001001001000000001000100000010000000001010000100000000100000100000001001100001000000000001000001000000000000000000010010010000001000000010010000000000000000000000000000000000000000000000100000000100000101001110000001001000000000001000000000000100000000000010010000000000001000000000000
00000000000000000010000010000000000000000001000000000000011000001000100001001000000000000001000010101101000000000000000000000010000000000000000000000000000000000000000001000000100000000000000000000000010000000000000000010000000010001000000000000000000000000000000100000000000000000000000100000000000000000000000000010000100000000000000100001000000000000000000000000000000001010000110000000000000010000000000000000100000000000100000000000000000000000000011000000000000000000010000000000000010100000000
00000001000100000000000000000000000000000000000100000000010000000000000000100000000000000000000000000000100000000000000000000000100010000000000100000000000000000100000000101000000000000000000000000000010001000010100000100000001000001000000000001000010000000000000001000000100000000000001001000000000000000000000000000000000010000000000000011010000001000000000100000000000000000000000100000000000000000000000000000000000000000101100000001000000000000100010100000000000000000000000000001000000000010000
10001000000000000000000000000100000000000000000000000000001000001000000001000000000000000000001000000000000001001000000000001000000000010010000000000000001001000000000000000000100000000000000000000000000000000000101000000000000001000111100000000101000000000000000000000000000000000110000000000000100000000000000101000000000000000000000000100000000000000010000001000100000000000000000000000100000000000000000010000000000000000000000000010000000010000010110100101000000000100100100000000000000000100000
00100000101000000000000000000001010000000001000000100000000001000001000000010000000000010010000000000000000000001000000000000000000000000000000100001100000000000000010000000000000000000000010000000001010000100000000000000100000000000001000000000000000010000000000010000000000000000000000000100010000011000000000001000000010000000100000010000000010000100000000000000000001001000100000000010000000000010000100000000000010000000100001010000000000000000000000010000000000000100000000000000000001101100000
00000000000001000000001100010000000100001000100100000000000000000000110000000000000010000000000001000000000000000001000100000000000001000100000100000000000010000000010001001000000010000000000000000000000100000000000000000000000001000010000000000000000000000100010000000000000010001000000000000000000010000000000001000000001000000001000010100000000000000000000000000000000000000001100000000000011000000011000000000101000000000001000000000000000000000100000001000000000000000000000000000001000000000010
00000000000010000000000000000001100000001000001000000000000000010000010000000000000001000000000000000000100000010001000000010000000000000000000011000000010000011000000000000000010000000000001100000100000000000000000000000000010110000000000100000000000010000100100000000000100001110000010000000001000010000000000000001000000000000000000000000000001000000000000100000000000100000000001000000000000000000000000010000000000000000000001000000000000000000000000000000000010001000010010100000010000000000000
00000000000000000000000000001000011011000000000000000000000000100001000000000000000000100000000100000000110011010000000000001000000000000000000000000000000000000000000100000000000000100000010000000000100001000000000000000000010000001000000000000000010000001000010000000000000001001100000000000001000000000000000000000000000000010101000000100000000000001100000000000000000000000000000001001000000000001001000010000000000000000000000000000100000000000001001001000000010000000000000001010000000000000010
00000000000000100000000000100000000000000000000011011000000000000000000100000000000010010100001000000001000000000010000000000001001001000000000000000000000000000000001000010010000010000000000000000100000000010000000010000010000000001000000000000000000000011001100000000000000000100000100000100000000000000001000000000000000000000000001000000000000011001010000000000000000000000100010000000000000000000000000010000000100000000000100000000100000000000001100000010000000000000000000000000000000100000000
00000000001010000000100000000000000001100010000000000000000000000000000000001000000000001000000000000000000000010001000100010000000100001000100000000010000000100000000000000001000000000000000000000000000000000000000000000010000000000000000000000100010000000000000000000000001001000000000100100000000010000000000010000000000000100000000001000100000010000110000000100001000000001010000000000010000000000000100000001010000000000011000000000101100000000100000100000000000100000000000000000000011000000000
01000000000000000000000000000010000000000000000000000000000000000000100000000000000000000001000000010000000010000000100000001000000001000000100000000000001000000000000000000000000000000000000000010100000001000010000010011000100000000010000010010010000000000000001000001000010000100001000110000010000000000010000001000000000000000000000010000000000010000000010000000000000010000010010000100001000000000100000000010100000000000000000000000000000100000100000000000000000000000000000000000000000000010100
00000000010000000000000000100000000000000000000101000011100000000000010000000010001001000000100010000000000000000000000000000000100000000000000000000000000000001000001000001000000010000000000000000000000000000000000000000000000000000000001000000000100000000110000000000000000001000110000000000000000000001000000100000100000000110000010000000000000000000000000001000000000000000000000000001000000000001000000000000000010100000001010100000000100000000000101000000000000000000000000000000100000000000000
00000001010000000001000000000000001000000001000000000000000000100000100000000100000000000000000000000000000000010000000000000000001000000100000010000010010000100000100001000000000100000000000000000000000000100000000100100000000000000000010000000000000000000010100000000000000000000001000000000000110000000010000000000000000000000000000000001000100000010000000000000000000010000000000000000000100000001000010000100110001101000000000000001001000000000010000010000000001000000000000000000000100001010000
00100000000000000100000000000000000000000000000010000000000000000010000000000000000000000000100000000000000001000000100000001000101000000000000000010000000000000000000000001000000000000100000000000000010010000000000000101000000000000010001000001000000000010000000010001000000000000000000000100000000000000000000000001000001000000000000111000000000000000001010001001000000000100000100100000000000010000100000000000000000010000000000000010000000000000000011000000000000010000000000000000001000000000000
00000000000000000100100000000000001001000010000000000000011000000010000010000000000000001100001000100010000000000001000010000000000101000010000000000000000000000001000000000101000000000000000000001000000000000000000001000000010000000001000000000011010000000000100000000001011000011000010100001000000000000000001000000010000000000000100000000000000100001000000110010000000000000000000000000000100000000000001010000101000000000000000010010000010000000000000000000000000000001000000000000000100100101000
00000000000000000000000000001001000000000000010000001000000000000000000000000000000100000000000000000001010000110000000000010000010000010000100000000001000000000000000001000010000000000010011100000000000000000001000000000000011000000000000000000000000000100000000000000110100000001000000000000100000000000000000000000000001001000000000001000100010000000000000000000000000110010000000000000000000000001000000000101000010000000000010100001000010000000000010000000000000000000101001001000000001000010000
00000000100111000001000000000000000101000000000001000000000000000000000000000000000000000000000000000000000000000000000000000000000000001010100000010001100000100000100000000000000001000010001000000000000000000000000000000000000000000010010000100000000000000001010000000100000010100000010000000000000001000001000000000010100000000001000010000000000000000000000000000000000000000000000000001000000000000000000100000000000100000000000000000000100000000000010000000100000000000001000100000000000000000100
10001000010001000100000000000000000000000000000000001000000100010000000000000000001000100000010000000110000000000000000000000000000001000000000110000000000100010001101000000000000000100000000000001000000100010100001000000000000100000000000000000101001000010000000000000000000101100000000000000100000000000000000000000010100001000000000000010000000100000000011000010010000000000000010000000000000000010001001001110100000000000010000000000000000000000000000000100000000000101000001100000000000000000001
00000100010000000000000100010000000000001000000100000000001001000000100000100000000000100000000000000000100100000000000000101010000000001000000001100000000000000010010000010010000000000000000000010000000000110100000000000000010000000000000000000010000000000001000000010000010000100000010000000010010100000000010000010010000000000100000010000000000000000000000000001000000000000000000000001010000000001000100000000000001111000001000010000000000000100000000000000001000000000000000001000010000011000000
00000000000000000000000000000000001001000000001000010000000000000000000100000001000000000001000000000001010000000000000000000000000000010000001000010000000000000101000000000100000100000000010000000001000000000000000000000000000000010000000000000000000000000000000000001000000100100000000000000000000000000001001000000011000000000000100000010000100000000000000100000010000000000000000000001000000000100110010000000000000000000000000010000000000010000000000000000000000000000100000000000001000000000001
10001010000001000000000000000010000000000000000100100000000000000000100000000000000100100000000001000000000001000000000000000011000000000000000000000000000000000000100010000000000000000000010100000000000000000010001000001000000010000000100001000000000000000000000010010000000000001000000100010000000000000000000000000000000000100000000000000000000000000000000000000000010000000000000000000110000100000000000000010000000001100000000000000000000100000000000000000010100000010001000000000000000001000000
00000000000010000000000000100000000000001000100000001010010010000100000001000100000000000010000000001000000000100000000001000100000001000000000000100100000000000000000000010000000000000100001000000000000000000100000000000000000000000000000100000000100000000100001000100000000000000000000100100001000000000000001000000000001000000000011001000010000000000000001000010000000000011000000010000001100010000000001000010011000000001000000000000000000000000000010000000000000001000000000010010100001000100010
00000000000111000000100000010000000000000000000001000000000000101100000000001101000100000100100000000100000001001000000000010010000001000010011000000100000001001010100000100000000000000000010001100000000010001010000000000000001000000100000000000010000001000010000000000000000000000100100000000000100000000000000000000000010000000010100000000000000110000000000000000000000000000000000100000000000000001000101000000001100001000000000000000000000010000000000000000000100000010010000001000000000000000000
00000000000000001000000100000010000000000000000000000000000100000000000000001000010000000100000000000100101000100000001101010010000000000000000000000000001000000001000010000000000000001001100100000001100000000000000000000000000010000001000010100010000100010001000000000000000000000000100000001000000000010101000000010000000000000000000100000010000001001000000000000000000000100000000000000000000000000000000000000000000000000000000000100000000001000010000000000000000000000000001000000000000010000010
00000000000001000000000000000000000000010000000000000000000110100000000000000000000000000001000000100000001100000000000000010000011000000000000010000000000000000000000000000000000000000000000000000000000000000000000000000010000010000000000100000000000001001010000000000000000000000000010101000000000000000000000000000000000000010000001010000000000000000000000100000000000000010010000100100000100001000000000000000001010010000000100000000000000000100000000000000000000000100000000000000000000100110100
00000000100000010000001000000000000000000001001000000000000000000100001000110010000000010000010000000000000100000000000000000100100000010000010000000000000000000100000000000000000000100100001000000000000100000000001000000001000100000000000010100000000000000000010000000100000000000000000000100000000000000000000000000100000000000000010000000000000000000000000000000000001000000000100000000000000000001000000000000100001000000000010001000000000000010000000000000000000000000000100001000000000110000010
00000000010100000000000011000000000000000000000000000100100000000000100100000000000000001000000000001000000000000000001000000100100000000000100000001000010000000100100000000000000000000000000000000000000000000100000000000100000000000000000000001001000000000000000100000000000000001010000000000000000000001001000010000010000000000100000000000001011000000100000000000001000000000110010000000000000100000000000000000000000000000000000000010000000011000000000000110001000100000000000000000000000000000000
00000000000000000000110000100000000000100000000001000000000000000000000001100000000000000000000000000000000001100010000000000000000000010000000001000100000000000000000100000000000001000000001000000000000110000000000000000000001100000011000001000100100000000000000000000000000100000000000000000000011000000000000000000000000000110000000000000000000000010000000000000000000000000000000000011000000000000000000000000000000000100000001000100000000000001000000000000010000100000000000000000100000001000000
00000000000000000000000000000000000000000000000000100000000000000000100001000000000100100000000000000000000010000000000000000000000000010100000100000100000000000000100000100010000000000000000000000000000010000000000100010000000000000000010000000000000000000100001000000001000000000001100000000000000001001000000000000110000000000000000001000010000010000000000101100010000000000001000000000100001000000000000100100001000001011100000100000000000000000000100000000000000100000001000000000000001000000000
00000000000000000001000000001000000000000000010000000000000001000000010000100000000000000000000010100001000000000001010000100000000101000000011000000000010000000000000001100000000000000010000000100000000010000000010000000000000100010000000000000000100000000000000000000000000000000001000000000000000000000000100000000000000000001000000000100000000000000100110000000010000000000010001000000000000000000001000000000000000011000010000000000000010000100000000000100000000000000000000000000001111001100000
00000000010000010000000000001000000000000000001000000000000100000101010000000000000001010101000100000100000000000000100000000100010000000000000010000000000000000000000000000000000000000100001001000000000000000010000000100000000010000000000100010000010000000100000001000000000000000001000000100011010100010100000000000000000000010000000000000001000000100000000000000000000000000000000000000000000000000010000000000000100001000001000100000000000100000001000000000100000100000000000000000000100100000000
10000000001000000100000000001001010000010000000000000000010000000100000010000010100000000010000000000010000000000000000000000001000000000000000000000000010000000000100000000100000000000000000000000000000000000000000000000000000000000000001000000000000000000000000000000000110000010001000000000000000001000000000000000100000010000000010000001000110001100000000000010000000100000000000000000010000000000000000000100000000100000000000100000000001000000101000000000000100000000000000000000000100001000001
00000000000000000010101000000000000000000000011000000101100000000001100000000100000000000001000000001000000000101000000000000000000000000000001100000000000000100100000000000000010101000000010010000000000000000000000000000000110000100000000000000100000000000000000000000000000000000010010000000000100000000000000000000000000100100000000000000100000001000000000000000000000000100000000000000000000001000000000000010000000000000000000000000000000000100000000000000000000000000000000000001001000000000000
10000000100000000000000000000000000000010001100000101100000011000000100000000000000000010000000000001001000000001000000000001000000010000000000000000010001000110000010000000000000000000000000001100000000000000000000100000000000010000000000001000001001000000000100000000000100000000000000000000010000000000000010000001101000000010000000000000000010000000000001000100110000010000000000000000000000100100010000000000010000000000000001000000001010000000000000000000000000000000000000000000001010000000000
00010110100000000000100000000110000000100000000000000000100000000000000000000000000000000011000000000100000100000000000000000000000000000010001000000100000000000000100001100000000000000010100000010100000000000010000000000000000000000100010000001000000000000010000000000000001000010010000000000000000010000100100000010010001000000000000000010000001000000000100000000000000000010000000000000000010001100000000000000000000000000000000000000000000010000000010000000100000000000000010000000000000000000000
00000000000000000000000000000000000000011000000000100000001000000000000010000000000000000010000000000000000111000000000010100000000000000100000000000000100000000000100100000000000010000000000000100100000000000000000010001000000000000100000000000100000010100000000000000000000000000000000010000000001000000010000000000000100100000000010000000000100010000000000000110000000000100001000000010000000001010000000000000000000000001001100000000111001000000000000000000010000000010100000100000000100000000000
00001000000011000000000000000000000000010000000000000000000010000000000000000000000000010000000000000000000000000000001000000000000000110000100000010100000000000100000000000100000000001000100010000000000000001000000001000010000001000000000000000000000000100000001001000001000000010010001110000000010010011000000000000000000000001000000001010000000000000100000010000000010000000000000000100000010000000000000110000000000000000000000000010000100000000000100000000001000100000000100000000000010000000100
00011010000000100000000000001000000101000000000000100000000100010000010010000000000001000000000011001000000000000010000000000001000010000000000000000000011010000000000000000000001100000100000100000001000000000100000000001000000000000100000100000000000000000000100000000000000000000000100001000001001000000000000000000000000000000000000000000000000000000001000000000000010000000000010000000000000000000000000000000000000000000000000000010000100000000000000000000000000000101000001000000000000010000000
00000000000000000000000000110000000000000000100100000000000010000010000000000000010000010101000010000000010000000000000100000000000010001000000000000000000000000000000000000000000000000000001100000000000000000000000000000000000000000100010000000010000000000000000000011010000000010000000000000000100000001000000000000000000000000100000000000000100000000000000000000000000000000000000011000000000000000000000001100010000100001000000000000000000010000000000000000000000000000010100000000001001011000100
01000000000000000000000000010000010010000000000010000000000001000000000100000000000000000000000001000000000000000000000000000011000000000000000000000000000000001000010000010000000000000000000000000000000100100000000000000000010000000000000000000001000000000000000000010010010000000000100000011000010000000100000001100100010000000010001000001100000000000000001000000000000000000000000000000100010000000000010001000001000001010001100000000000000000000000000000000100000000000000010001000000000000111000
00000000000110000010000000000001001000100001000000000000010000100000000000000100000000000000001000000010000010000000000000000000001000000000000010000000100000000011101010010000001000000000000000000000000000010000000010000000000000000000000000001000000000000100000001000000000000000001000100000000000001001100000000100000000001100100100000000000000000000000101000100000000000000100000000000000000010000000100000010100000010000000010000000000010000000000010000000000000010000000000001010001000000000100
00100000001000000000000010000011000010000010000000000000010000100000000000000000000000000000000000000000010100000000000101010100000000000000000000000000000000000001000000000000000000000000000000001000000100000000001000000010000000000000000000010000000001000000010000000010000000000000000000000010000000000000000100000001000100000000000000000000000000000000000000001000111000000000000000000011000000000000100000000000000000000000001000000000000000001000100010000000001000000000000000010000000000000000
00000000000001000000010000100000000000000000000000000100001000000100000000010000000000000000010000000000000000010010000000000000010000000000000000000000000000000000000100000010000000100000000100000010000000000101000010100000000010000100000000000000000000000000000000000000000000000000000000100000000000000000000110000010000000100000010000000000000000000000000000001000000000000010000100000000000000000000000010000100000000000100100000001000000000000000001000000000000000000000000000000000000000000000
00001000000010000000000001000000100000000100000000101011001000100101000001000000000110000000000000000001000001000010000000000000000000010000000001000000100000000100000000000000000000000000000100100000000000000000000010000010100000000000000100001100000000000000000000000000000000001000000000000100100000000000101000000001000000010000000000000000000001010101000010000001000100000000000000000000000000000000110000000000000010000000000000000100001001000000000000100000000001100000000001000000000010000000
00000000000000000000000001110010000100000000000000000000010010000000000000000000000001100000000010000101100001001000000000110000000000000101001001000000000000010001000000100000000000000010010000000000000000000000100000001010100001010000000000000000000000000010010000000100000001000000000000010010000000001000000000000000000000000010000000001000000000000000001000000000000000000000000000000101000000000000000000000000000000000100000000100000000010000110010000000101010100000010000000000000000000000000
00100001000000000000000000000000000000000000010000000000000010011000000000000000000000000000000000010000000001000000000000000000000001001000000000000100000000000000100100000000100010000000000000000010000000100001010001000000100000000000010000100000000100000000111010000000100000000000000000001000000000000000000000000000010100010000100000100010100000000000000010010111000000000000010000000001000000000001000000000000000000000000000101000000000001000000000000100000001000000010100000000001000000000000
00001000000000010000000000101000000101000000100010000000000111000100000000000000000000000000001000011010000000000000100000010000000001000001001010000000010000000100000001000000000000000000000000000010100010000000100000001001000000000000000101000000010011000000000000000000000000000000000000001000000000000000000000010100011100100000000000000000000001100100000100000000000001000100000000010001000000001000001000000000010100100100000001000000000100000010000000000000001000000000100000001000010101000000
00000000000000000010000100011000000000000100000000000000000100000000000001000000000000000000000000000000000000001000000000000000000000000000010000000000000000000000000000000001000000001000000000000000000000000000011000000000100100000000000000000010101000000000000000000000000000000000001000000001100010000000000000000100101000000000000000000000000000000100000010000000000000000000000000100000100000000000001000000000000010100000001000000000000000000001000000101100000100011010000000000000000000000000
00000000000001000000000000000001010000000000000000000000000000000100000000000000000000000000001000010110100000000000000000000000001000000000010000000100000000000010001000000000000100000000110010000000101000000000000000000000010110000000000010000001000000000000000000000000100000000000000001000000000000000001100000000000000000000000000000000000000000000010000000010000000001000000000000000000000000000000000000000100000000000000000000100000010000000000000001000000000000000000000001100000000100011000
00001000000001000000000000000000001001000000100100000000000000000000001010101010000000100000010000000001000000001000001000001000100000000100000000010000000010001001000110000000000001000000000000000000000000010100000000010000000000010010001000000000000000000001000000100000100000000000001000010000100000000010000000000000000010000001100000000000000000010100000000000010000000000000001010000000000000000011000001000000000000000100000000010000000010000000000001000001000000100000000010000000000000100000
00000010011000001000100000000000000100000000000100000000000000000000000000000000100000001000000001000000000010000100000000100000000001100000010001000001000000010000000000000000000000000100100000000000000000000000000000000000000000000000100000010000100000000000000000000100000000010000000000101000100000000000100000110000000000010000100000000000000000000000000000000010000000000000000110100000000000000010000100001000000000000100100000000000001000000001000000000000000000000000010000000000000000000000
00100000110001000000000000000000101010001010000000100000000001000000100000100000000000000000010000000000100000100100010001000001000000000011000000000000000001000000000000000000001100000000000110001010001000000000001000010000000001100100001100000010000000000000001010000000000000000000000100000000100000000000000000100000000000000000001100011011000000000010000000000100000000001000000100000000000000010000001000000000001000000000000000000000000100000000000000000000000000100010010000000000000110000000
00000001011000000010100000100000110001010000000001000000000001100100010100100000001000000010000000000000000100111000000000000000000001000100000000000000000000010000000000000000000000000000000010010000011010001010000000000000100000010010000000000000000100000000000000000000000000001000000011000010000000000000000000001000000000000001000000010000000000100000000000000000001001100100000000000100000001000000000010000000000100000000000100010010000000000000000000010100000000000000000001000000100000000000
01000100000000000000000000000001000001000000000000000000001011001100000010001000000000000000100000000001010000000001000000000000000001001000000100000000000000000000100000001000001000000100000000000000001010000000000000000000000100000000000000000000010000000000000000010000000000000000000001100011000000000000100000000000000000010000000000000000000001010000000000010000000000100000000000001000000010001000100000000000010000000010001100000000010000000001000110000000000001010000100110000000100000000000
00000000000010000000000000000000000000110001010100000010000000000000000000000000000000000010000000000000000000000100000000001000000000000100100000010100010000001001011000000000010000000000000000000000000000000000100110000001000110000000100000000100000000000000000000000000010000000000000000000000000010111000000000000001000001001010000100000000000100000000000000010000000010000000000000000010000001000000000000100000000000000000000000000000100000000000000000000000100000000000001000000100000010000000
00100010011000000000000000000001000000100000000000000000000000000010000000000000000000000000000000000000000010000000010000000000000000000101000010000000000000000001000010000000000001000010000000000001001000000100000000000000000000000010010000100000001000001000001000000000000110001110100010000010000000000000100000000001000000100000001000000100001000000000000000001101000000000000100000001000110000000000000000000100001010100000010000010000010000001011000000000001101000000000000000000000000010010001
00000000000100000000000000000000000000000010000011000000001000010000000000000110000001000000000000000100000000000000000000000000000000000010000000010000001000000000000000000000000000001001000000000001000000000000000100000000000000000000000000000000000000001000001000000000000000000010000000000000000101000000010100000000000000000000000000001000001000001010000000100101000100000000000000000110000000000000000001000000001100000000100000000001000000000000000001001000000000001000000000000000000100000000
00000001000000000000000000100001101100000000000000000000000000000000000000001000000000000000000000101100100000000010000000001101000000001000100100000000001000101000000100010001000000100000000000000000000000010000000000100100000000000100000001000000000000000000001000100000010000100001001000001001000000000000100100000000000000001000100000000001000000000001000000000101000000011000000010000000001010000000100000000000010000000000100000001000100100000010000001000000000000000001000001000000000000000100
00010001110000101000010000000000001000001000000001000000000000000000100000000000010000000000000000000000011000000000000100000010000000001000000000001000000000000000000000000000010000010000100001000100010001000000100000000000000000000000000000000000000000000100000000010010000000000000010000000100000000001000000000000010000100100000010000100000001000000000000000000000000001000010000100000000000000000000000000000000000100000000000010000001000100000000000000001000100100001000000000000000000000000000
11000000000000000000000000000000000000000100010010010001000000000001000000000000010000010010000010000000011001000000000000000000000000000000000000001000010000000000000000000001001000000000000010110010101100000000001000000000010000000000100010000000100000000001000000001000000000000000000101100010001001000000000000000110000001000100000100100000000000000001000001000000010000000010000000000000000010000000000000000000000001000000000000001000011001000000001000000001100000000001000000000000000100100000
00100101000000010000000000000000000000000000001000000000011000000000000000000000000000000000000000000000000000000010000000000000000000010000001001100000000000001000010000000000000000000100000000000010010000000010000000000000000000001000100010010000000100000000000000000110001100000000000000000000000000000000000000000010000000000000000001000000001000000000000000000000011000000000000000000000000100000010000000000000110001000000010000000000010000100000010000000000010010001000110000000000001100001000
00000000000000100000000000000000010000000000001100010000000000000000010001000000000001000000000000000000000000000000000000000000000000000000000000000000000000000000000000000000100010000100000000100000000000000000010000000001001000001000000000000000000000100001000100010001001000100000000000000000000000000100000000010001010000000000100001000110000000001100011000000000100000100000011000000100000001001100000010001000010000000000000011000000000000010100000010000010010100000000000000000000101000000010
00001000000100001100000000100100001000001110000001000000001000000000000000000000000100000100000000000000100000000000000000000000000000000000000000001000100000100000000000001000000000000000001000000000000000100000000000100000101000000110000000000000000000000000000010000000000000000000000010000000000010010000001000100010001000001001010000000100000000000000000000000000000100000001001000000000000000000000100000000001000000100000010001001000000000000000000001010010000000000000000000000000000000000000
00000000000000000010001000000000000001000000000000000001000000000100100000000000000001000100000000000000000100000000100000000000110100100000000000100000000010000110000000000000000000000000000100010000000000000000000001001001000000000011000000000000000000001000000100000000000000000000000001010000000000000001000000000010000000001000000000000010000100000000010001000000000000000001100000000001000000000001000010111000000100000000000100000000001000000010000100000000010000000000000000000000000001000000
00010001000000000000000000011000000000000000011000001000000000001000000000000000001000000000100000010000001000000000000001000000000000000000010000000000010000010000100100000000000000000000000001000000100000000000000011100000100000001000000000000010000000000000000000101000000100100000000000000000000000000100000000000000001000100000100010001000000000000000000000000001000110010000010000000000000110000000010100000000000000000000000010000001000000000000000000000000000101000000000000000000000000000001
00000000001000000000000001000000000000000000000000100000010100000001001000000000000000000001000000000000000000000000000000011000001001000100000000000000000100100000000000000000000010000000000000000000000000000000000011000000100000000000000010000010000000010000000100000000000000010000000000000000000000001000100000110000000000001000000000000000100000000000110000000000000000000000000001000000000000000010000000000000000001000000000000000000000000000010000000000000000000010000000000001000000000000010
10000010000001000100000001110000110000000000000000101000000000000000000000100000001100000000000000000000000000000000000000100001000000001000000000100000100000000000100000000000000000000000000100000100000000000000000000000000000000000000000010100000000000000000000100000000000100001000100000000100000000100000000010010000000001000011000000000100000001000010001000010000000000000100000000000000000000100000100000000000000000000110100000000000000000100000000000100000000110100000000000110010000000000000
00000101000010000000000000000000000000000000000000000000000000000000000000000110000000100000000000000100000000000001010001000010000100001001000000000000000000000000101100000001000000101000000000000000000000100000000000010000000000000000000000000000000000000000000000000000000010000000000000110000000000000000010010100000000000100011000000000000001000100000000000000000010000000010000100000000000100001001000100000001101000100000001010001000000000000000000001000000000000000000100000000000000000000000
01000000000000000000000000000010000000000000000000100001100000000000000100001001001010010000000000000000000000101001000000000000000000001000000000000000000000000010000000000000000100001000000000000000000110000000000000001000001000000000000100000000010010000000000110001000000100000000000000000000100000000000010010000000100000000000000000000010000010001000000000001000000100100000000000001000000001000000001100000000000000100011100000000000010001000000001010010100000001001000000000000010000000000000
00000001000000000000000000000000000000100000001000000010000000001001000000000001000000100000000000011010000001000000000000100000000010000100000000001000000000001000000000000000000010100000000000000100000010001000000000000100000100000000000010000000000000100001000010000100000000000001000000000000000000000001000010000000000000000000000000000000001100000000000000000000000000000000010000000010000001000000000000000000001000000000010000000000000000100000000000000100000000001000010000000000100000000000
00000010000000000100000000000010100000100000010000000000000000000001000100000100100000000010000001010000000100010000001100000010000011000010000100000010100000000100000000000000000000000100000000001000000001000000000000000000000100000000000000100000000000001000000000000000000000000000110000000000100000000000010000000000000000000000010000000000000100000000010000010000000000000000010000000000100000000001000000001000000100010000001000000000000000000000101000010000000000000000000000100010000011100000
00000000000000000000000000001000010000100000000000000000000000000000010000101000000000000000000000010000000000000001000000000000001000001001100001000101000000000000000100000000000000101000000000000001000000010000000000001000100100000000001011011000000000000000010010000000000000000100000000000011001000000000000001100010000000000000000010000001100000100100000000010000010101000001000000010100000011000000100000010000000100000000000000000000100000100000000000000100000000001000000000000000000000000000
00000000000000000000000000000000010000000000010000000100000010000000010000000000000000100010100100010010001000001011000000000000000000000001000000000000000110000000000000000100000100000000000000000000000010000000000000001000000000000000001000000000001000000000000100000000001000001000000000000001000000000000000100000000000000100000000000000000000000000100000000001000000000100000000000010000011000000000000000000001000001000000000000000000000000010000000000100000100000010001000010000000000000000000
10000000000100000000000000000000000000000001000000100000000000000100000000000100000000000101000001000010000000010011010000000100100100000001000000000000001000000000000000000000000000000000100001000000000001000010000100101000000000000000100000000000010001110100000000000010000100000000001000010000101000000000000010000001000000000001000010001000000000000101000000000000000100000000000000001001100011000000000000000000000000011001011000100000000000000000001000000010000000001000000000100000000010000111
00000000000000000000000000000000000000100000000000000000000101000010000000010000000010000000010001000001000000001000100000000000000010000000000001000000010010000001100000010000000000000000000000000000000001001000000001000001000000000000000001001000000000000000000000000000000001000000000000000000001100000011000000010000011000100000000000010011100000000010000000000000010000000000000100000000000000000000000000000000000011000000100100010000000010100000000000000000000000000000000001100000000010000000
00000100000000110001011100000000000000100001000000001010000100000000100000001000000000000000010000000000000000000000010001001100100000010000010000000100100000000100110000000000000000000000000010100000010000001000000010000100000000000000000000000001000000100001000000000000000100001000000000000000000000100001000000000000000000100000010000000100010000000000100000000000000000000000110000010000000000010000000000100000000010000010000000010000000000000101000000001000000000000010010100100000000000000000
00001000000010000000000000000010000000000001000000000000000000000000010000000010001000000000100011001010000100000000000010000100000000100000001000000000000000000000000000000000000000000000000000000000000000000000000000010000000010000000000100000000000101000000000010000000000000000000000000000000000000000000000100000000000000001000000000000000000011000000000000000000000010000000010100000000010000001000000000000000000011011000000100000000100100000000000000000000000000010000000000000000000000000000
00100000000000110000000000000000000000000000000000000000000000001000000000001000000100100000000000000000000010011000000000000000000001000000011000000010000000000000000010001000100000010000000000001000100100000000001000000000000000100000000000010000000000000000000000000001100100000000000000000000000000001001000000000011100000000000000000000010000000000000000000100000000001000000000000000000001100000000010000101000000100000000000000000000000000000001000000001000000000001100001000100000000000000000
01000000000000000000000001000000000000000001000000000000000000000000000000010010000010000000010000000000001000000000000010000000001000000100000001001000000000001000001110010010010000000000000000000000001010000000001001000000000001000000000000000011100000000000000000010000000000000000000000001000010000000000000000000001000000000000000010000000110000000000000100000000000000000000001010000000000000001000000000000000000000000100100000000000000000000100100100000000010000000000001000001000000000100000
01000000000010000000000000010000001000110000000000000000000001000000000000000000010000000000000000010000000000000000001100000000000000000000000100000100000000000000000000000000000000000000000100010000000000000000101000000001000000000001010000101001000000000000010000000011000010000001000001000100000001000000000001010000010000000000100100000100000000000100000000000000000100000000001000000001100000000000000000000000000000000000000000000000000000010000010000011000001000000100000001000100000100000000
00000000000000000000000100000000000001000000000000000000000000011000000100000000001000000000100000000000010101000000000000000000000100000000000000000000000000000100000000001000000000001000000000001100000000000000000000000000000100000000100000000000000000000000000000000000000000000001000000000001000000001000000000000000100010000000000000000100000000010000000000010000100001000000000010000000000001100000000000000000100000010000000000000000100000000010000001011000000000000000000000001010000000000000
00000000000000000100000000101000000000000000000000000000000000000000000100000000010000000001010000000000000100001000000000000000000000000000000000001010000010000000001100000010000100000000010101010000000001000000000010000000000100000000100000000100000010000000000001000010011000000000000000000100000000010001010000100100000000000100000010000000000000010100000000000000000000000000000000000000000000100000001000000010000100001000000000100010000001010100000100000000000000000000011000000000000000000001
00000000100000100000000000000010000000010000000001000000000000000000100000000000000000000000001000000000000000000000001000000001000000000000001000000000011000000001000000000000000000000000000000000000010000000000010000000000000100000000000000001000010100000010000000000000010000000000000000000000010010000100000000000000101001000000000000000000000000000010000010000001000000000010000000000000000001100000001110000000000000001000000000000010000000100000000000000000000001001000000000001000000001000000
00010000000000000000010000000000000000000000000000100000000000000000000000000001001000000000000000000000000001001001000001000000000000000001000000010000000000000000000100000000000000000000000000100010000000000000011100000000010000001000000000000000000000000000010001000100000000000000000000000000000000000010000000000000000001010000001000000010100000000000000100000000000100000000000001000000000000000000010000000010100001010100001000000000001000000100000000100000010010000000000000000000000000000000
