4. 1600 100 0 ms. 1193 nodes
4. 1600 100 0 ms. 1245 nodes
4. 1600 100 15 ms. 1269 nodes
4. 1600 100 0 ms. 1301 nodes
4. 1600 100 0 ms. 1205 nodes
4. 1600 100 0 ms. 1373 nodes
4. 1600 100 0 ms. 1305 nodes
4. 1600 100 16 ms. 1261 nodes
4. 1600 100 0 ms. 1213 nodes
4. 1600 100 0 ms. 1177 nodes
4. 1600 100 15 ms. 1289 nodes
4. 1600 100 0 ms. 1277 nodes
4. 1600 100 0 ms. 1245 nodes
4. 1600 100 17 ms. 1369 nodes
4. 1600 100 0 ms. 1377 nodes
4. 1600 100 0 ms. 1273 nodes
4. 1600 100 16 ms. 1269 nodes
4. 1600 100 0 ms. 1233 nodes
4. 1600 100 0 ms. 1305 nodes
4. 1600 100 18 ms. 1265 nodes
4. 1600 100 0 ms. 1249 nodes
4. 1600 100 0 ms. 1285 nodes
4. 1600 100 17 ms. 1273 nodes
4. 1600 100 0 ms. 1237 nodes
4. 1600 100 0 ms. 1269 nodes
4. 1600 100 2 ms. 1341 nodes
4. 1600 100 0 ms. 1301 nodes
4. 1600 100 0 ms. 1421 nodes
4. 1600 100 1 ms. 1429 nodes
4. 1600 100 0 ms. 1509 nodes
4. 1600 100 0 ms. 1373 nodes
4. 1600 100 1 ms. 1417 nodes
4. 1600 100 0 ms. 1201 nodes
4. 1600 100 0 ms. 1373 nodes
4. 1600 100 0 ms. 1409 nodes
4. 1600 100 0 ms. 1257 nodes
4. 1600 100 16 ms. 1281 nodes
4. 1600 100 0 ms. 1353 nodes
4. 1600 100 17 ms. 1245 nodes
4. 1600 100 0 ms. 1345 nodes
4. 1600 100 0 ms. 1265 nodes
4. 1600 100 19 ms. 1425 nodes
4. 1600 100 0 ms. 1393 nodes
4. 1600 100 0 ms. 1349 nodes
4. 1600 100 14 ms. 1337 nodes
4. 1600 100 0 ms. 1257 nodes
4. 1600 100 0 ms. 1245 nodes
4. 1600 100 17 ms. 1289 nodes
4. 1600 100 0 ms. 1169 nodes
4. 1600 100 15 ms. 1349 nodes
216
65090