5. 3200 3200 249 ms. 1 nodes
5. 3200 3200 250 ms. 1 nodes
5. 3200 3200 266 ms. 1 nodes
5. 3200 3200 250 ms. 1 nodes
5. 3200 3200 253 ms. 1 nodes
5. 3200 3200 249 ms. 1 nodes
5. 3200 3200 234 ms. 1 nodes
5. 3200 3200 232 ms. 1 nodes
5. 3200 3200 248 ms. 1 nodes
5. 3200 3200 235 ms. 1 nodes
5. 3200 3200 233 ms. 1 nodes
5. 3200 3200 232 ms. 1 nodes
5. 3200 3200 233 ms. 1 nodes
5. 3200 3200 233 ms. 1 nodes
5. 3200 3200 235 ms. 1 nodes
5. 3200 3200 241 ms. 1 nodes
5. 3200 3200 234 ms. 1 nodes
5. 3200 3200 237 ms. 1 nodes
5. 3200 3200 234 ms. 1 nodes
5. 3200 3200 233 ms. 1 nodes
5. 3200 3200 266 ms. 1 nodes
5. 3200 3200 251 ms. 1 nodes
5. 3200 3200 239 ms. 1 nodes
5. 3200 3200 233 ms. 1 nodes
5. 3200 3200 233 ms. 1 nodes
5. 3200 3200 251 ms. 1 nodes
5. 3200 3200 236 ms. 1 nodes
5. 3200 3200 256 ms. 1 nodes
5. 3200 3200 259 ms. 1 nodes
5. 3200 3200 276 ms. 1 nodes
5. 3200 3200 260 ms. 1 nodes
5. 3200 3200 267 ms. 1 nodes
5. 3200 3200 267 ms. 1 nodes
5. 3200 3200 265 ms. 1 nodes
5. 3200 3200 267 ms. 1 nodes
5. 3200 3200 251 ms. 1 nodes
5. 3200 3200 265 ms. 1 nodes
5. 3200 3200 265 ms. 1 nodes
5. 3200 3200 263 ms. 1 nodes
5. 3200 3200 265 ms. 1 nodes
5. 3200 3200 265 ms. 1 nodes
5. 3200 3200 253 ms. 1 nodes
5. 3200 3200 249 ms. 1 nodes
5. 3200 3200 258 ms. 1 nodes
5. 3200 3200 234 ms. 1 nodes
5. 3200 3200 249 ms. 1 nodes
5. 3200 3200 250 ms. 1 nodes
5. 3200 3200 244 ms. 1 nodes
5. 3200 3200 248 ms. 1 nodes
5. 3200 3200 251 ms. 1 nodes
12447
50