5. 3200 3200 505 ms. 1 nodes
5. 3200 3200 415 ms. 1 nodes
5. 3200 3200 512 ms. 1 nodes
5. 3200 3200 497 ms. 1 nodes
5. 3200 3200 474 ms. 1 nodes
5. 3200 3200 433 ms. 1 nodes
5. 3200 3200 481 ms. 1 nodes
5. 3200 3200 518 ms. 1 nodes
5. 3200 3200 513 ms. 1 nodes
5. 3200 3200 523 ms. 1 nodes
5. 3200 3200 506 ms. 1 nodes
5. 3200 3200 493 ms. 1 nodes
5. 3200 3200 527 ms. 1 nodes
5. 3200 3200 512 ms. 1 nodes
5. 3200 3200 517 ms. 1 nodes
5. 3200 3200 522 ms. 1 nodes
5. 3200 3200 519 ms. 1 nodes
5. 3200 3200 512 ms. 1 nodes
5. 3200 3200 413 ms. 1 nodes
5. 3200 3200 510 ms. 1 nodes
5. 3200 3200 528 ms. 1 nodes
5. 3200 3200 514 ms. 1 nodes
5. 3200 3200 516 ms. 1 nodes
5. 3200 3200 517 ms. 1 nodes
5. 3200 3200 495 ms. 1 nodes
5. 3200 3200 501 ms. 1 nodes
5. 3200 3200 506 ms. 1 nodes
5. 3200 3200 515 ms. 1 nodes
5. 3200 3200 511 ms. 1 nodes
5. 3200 3200 516 ms. 1 nodes
5. 3200 3200 517 ms. 1 nodes
5. 3200 3200 519 ms. 1 nodes
5. 3200 3200 518 ms. 1 nodes
5. 3200 3200 514 ms. 1 nodes
5. 3200 3200 509 ms. 1 nodes
5. 3200 3200 516 ms. 1 nodes
5. 3200 3200 529 ms. 1 nodes
5. 3200 3200 516 ms. 1 nodes
5. 3200 3200 504 ms. 1 nodes
5. 3200 3200 501 ms. 1 nodes
5. 3200 3200 495 ms. 1 nodes
5. 3200 3200 527 ms. 1 nodes
5. 3200 3200 507 ms. 1 nodes
5. 3200 3200 522 ms. 1 nodes
5. 3200 3200 528 ms. 1 nodes
5. 3200 3200 512 ms. 1 nodes
5. 3200 3200 514 ms. 1 nodes
5. 3200 3200 515 ms. 1 nodes
5. 3200 3200 515 ms. 1 nodes
5. 3200 3200 496 ms. 1 nodes
25295
50