4. 1600 100 3 ms. 1417 nodes
4. 1600 100 15 ms. 1277 nodes
4. 1600 100 16 ms. 1189 nodes
4. 1600 100 0 ms. 1137 nodes
4. 1600 100 0 ms. 1337 nodes
4. 1600 100 16 ms. 1325 nodes
4. 1600 100 16 ms. 1345 nodes
4. 1600 100 15 ms. 1409 nodes
4. 1600 100 0 ms. 1237 nodes
4. 1600 100 17 ms. 1197 nodes
4. 1600 100 17 ms. 1257 nodes
4. 1600 100 0 ms. 1269 nodes
4. 1600 100 16 ms. 1173 nodes
4. 1600 100 0 ms. 1321 nodes
4. 1600 100 15 ms. 1429 nodes
4. 1600 100 1 ms. 1317 nodes
4. 1600 100 0 ms. 1317 nodes
4. 1600 100 16 ms. 1405 nodes
4. 1600 100 0 ms. 1225 nodes
4. 1600 100 0 ms. 1329 nodes
4. 1600 100 1 ms. 1341 nodes
4. 1600 100 0 ms. 1277 nodes
4. 1600 100 17 ms. 1285 nodes
4. 1600 100 0 ms. 1297 nodes
4. 1600 100 0 ms. 1313 nodes
4. 1600 100 17 ms. 1325 nodes
4. 1600 100 5 ms. 1333 nodes
4. 1600 100 7 ms. 1261 nodes
4. 1600 100 8 ms. 1285 nodes
4. 1600 100 7 ms. 1237 nodes
4. 1600 100 0 ms. 1333 nodes
4. 1600 100 17 ms. 1337 nodes
4. 1600 100 0 ms. 1309 nodes
4. 1600 100 13 ms. 1249 nodes
4. 1600 100 7 ms. 1345 nodes
4. 1600 100 5 ms. 1221 nodes
4. 1600 100 5 ms. 1197 nodes
4. 1600 100 6 ms. 1321 nodes
4. 1600 100 5 ms. 1317 nodes
4. 1600 100 6 ms. 1221 nodes
4. 1600 100 5 ms. 1425 nodes
4. 1600 100 5 ms. 1185 nodes
4. 1600 100 6 ms. 1377 nodes
4. 1600 100 7 ms. 1329 nodes
4. 1600 100 8 ms. 1353 nodes
4. 1600 100 9 ms. 1329 nodes
4. 1600 100 7 ms. 1189 nodes
4. 1600 100 8 ms. 1137 nodes
4. 1600 100 6 ms. 1225 nodes
4. 1600 100 5 ms. 1281 nodes
355
64546